1 0.452637 0.637444 0.032227 0.089153
1 0.239746 0.560178 0.036133 0.092125
1 0.082031 0.650817 0.041016 0.086181
1 0.270508 0.475483 0.031250 0.083210
1 0.380371 0.415305 0.026367 0.087667
1 0.208984 0.384101 0.037109 0.069837
1 0.083008 0.442051 0.041016 0.078752
1 0.390137 0.283804 0.032227 0.083210
1 0.421387 0.205795 0.026367 0.066865
1 0.410156 0.128529 0.033203 0.066865
1 0.276855 0.117385 0.026367 0.065379
1 0.229004 0.161218 0.036133 0.078752
1 0.086426 0.291976 0.038086 0.078752
1 0.060059 0.170134 0.036133 0.063893
1 0.133789 0.080238 0.033203 0.071322
1 0.305176 0.032689 0.022461 0.050520
1 0.174805 0.023774 0.029297 0.020802
1 0.062012 0.010401 0.030273 0.020802
1 0.917969 0.648588 0.033203 0.084695
1 0.786621 0.589153 0.041992 0.084695
1 0.570801 0.638187 0.024414 0.081724
1 0.900879 0.436850 0.041992 0.080238
1 0.753906 0.427192 0.037109 0.069837
1 0.569336 0.459881 0.035156 0.072808
1 0.587402 0.297177 0.032227 0.071322
1 0.770508 0.320951 0.031250 0.059435
1 0.752441 0.288262 0.032227 0.059435
1 0.913086 0.274146 0.037109 0.075780
1 0.890137 0.309064 0.024414 0.059435
1 0.925781 0.170134 0.025391 0.057949
1 0.821289 0.177563 0.029297 0.054978
1 0.724609 0.103269 0.031250 0.069837
1 0.608887 0.115899 0.028320 0.059435
1 0.546387 0.126300 0.020508 0.062407
1 0.762695 0.049777 0.029297 0.060921
1 0.667969 0.028232 0.023438 0.056464
1 0.571777 0.242199 0.032227 0.068351
