1 0.797852 0.245588 0.029297 0.067647
1 0.937500 0.605882 0.029297 0.058824
1 0.995117 0.553676 0.009766 0.036765
1 0.740234 0.600000 0.029297 0.064706
1 0.763184 0.575735 0.018555 0.033824
1 0.777344 0.555147 0.017578 0.036765
1 0.770508 0.522794 0.013672 0.027941
1 0.706055 0.571324 0.015625 0.051471
1 0.723145 0.546324 0.012695 0.027941
1 0.647461 0.585294 0.031250 0.070588
1 0.610840 0.538235 0.016602 0.038235
1 0.656738 0.536029 0.020508 0.042647
1 0.588379 0.652941 0.032227 0.067647
1 0.566406 0.601471 0.025391 0.044118
1 0.539551 0.623529 0.028320 0.058824
1 0.523926 0.568382 0.026367 0.048529
1 0.508301 0.596324 0.024414 0.054412
1 0.536133 0.550735 0.021484 0.042647
1 0.558105 0.567647 0.018555 0.038235
1 0.468750 0.530882 0.015625 0.035294
1 0.481934 0.647794 0.038086 0.072059
1 0.443848 0.571324 0.022461 0.048529
1 0.473633 0.555882 0.021484 0.052941
1 0.376465 0.526471 0.020508 0.032353
1 0.395996 0.582353 0.020508 0.041176
1 0.421875 0.655882 0.029297 0.067647
1 0.384277 0.628676 0.026367 0.057353
1 0.350586 0.611029 0.029297 0.063235
1 0.332031 0.667647 0.031250 0.070588
1 0.314453 0.615441 0.029297 0.066176
1 0.267578 0.628676 0.027344 0.057353
1 0.286621 0.514706 0.018555 0.038235
1 0.338379 0.591176 0.026367 0.061765
1 0.186035 0.533824 0.018555 0.038235
1 0.208984 0.553676 0.025391 0.045588
1 0.258789 0.581618 0.027344 0.057353
1 0.218750 0.517647 0.013672 0.035294
1 0.162109 0.530147 0.015625 0.039706
1 0.137207 0.555147 0.028320 0.060294
1 0.177734 0.617647 0.023438 0.067647
1 0.217773 0.616176 0.031250 0.064706
1 0.235352 0.680882 0.035156 0.088235
1 0.119629 0.672794 0.038086 0.060294
1 0.034180 0.641176 0.041016 0.088235
1 0.077637 0.603676 0.034180 0.060294
1 0.009277 0.547059 0.014648 0.038235
1 0.093750 0.547059 0.023438 0.058824
1 0.110840 0.588235 0.022461 0.058824
