1 0.036621 0.637755 0.008789 0.016035
1 0.083496 0.647230 0.008789 0.017493
1 0.259766 0.622449 0.007812 0.014577
1 0.295410 0.591108 0.006836 0.016035
1 0.371582 0.619534 0.006836 0.014577
1 0.660645 0.842566 0.016602 0.034985
1 0.541992 0.725948 0.011719 0.020408
1 0.612305 0.677843 0.007812 0.020408
1 0.632324 0.684402 0.012695 0.021866
1 0.524414 0.681487 0.009766 0.018950
1 0.429688 0.688047 0.009766 0.017493
1 0.508301 0.635569 0.008789 0.014577
1 0.649414 0.639942 0.007812 0.011662
1 0.458984 0.680029 0.007812 0.018950
1 0.552246 0.629009 0.006836 0.013120
1 0.258301 0.663265 0.008789 0.017493
1 0.285645 0.637026 0.006836 0.011662
1 0.298828 0.641399 0.007812 0.014577
1 0.325195 0.681487 0.007812 0.016035
1 0.470703 0.636297 0.005859 0.013120
1 0.486816 0.591837 0.006836 0.014577
1 0.114258 0.611516 0.007812 0.013120
1 0.979004 0.742711 0.014648 0.024781
