1 0.739258 0.369693 0.011719 0.027818
1 0.803711 0.396779 0.015625 0.035139
1 0.817871 0.437042 0.012695 0.033675
1 0.242676 0.176428 0.020508 0.027818
1 0.333984 0.146413 0.017578 0.032211
1 0.413086 0.358712 0.017578 0.026354
1 0.407715 0.113470 0.016602 0.027818
1 0.559570 0.146413 0.015625 0.029283
1 0.481934 0.106149 0.016602 0.024890
1 0.487793 0.054905 0.014648 0.027818
1 0.536621 0.016837 0.014648 0.024890
1 0.549805 0.068082 0.009766 0.019034
1 0.584473 0.010249 0.012695 0.017570
1 0.708984 0.108346 0.017578 0.029283
1 0.863770 0.102489 0.012695 0.020498
1 0.796875 0.035871 0.011719 0.027818
1 0.870117 0.027086 0.011719 0.010249
1 0.014160 0.084919 0.018555 0.023426
1 0.177734 0.486823 0.019531 0.021962
1 0.241699 0.013909 0.014648 0.019034
1 0.160156 0.024890 0.017578 0.023426
