1 0.486816 0.524890 0.047852 0.136164
1 0.640137 0.422401 0.020508 0.042460
1 0.662598 0.349195 0.008789 0.019034
1 0.624023 0.346999 0.013672 0.023426
1 0.555664 0.354319 0.013672 0.023426
1 0.546387 0.357980 0.006836 0.016105
1 0.514160 0.341874 0.012695 0.027818
1 0.491211 0.347731 0.023438 0.039531
1 0.431641 0.356515 0.015625 0.030747
1 0.367676 0.353587 0.036133 0.068814
1 0.381836 0.325769 0.019531 0.036603
1 0.397949 0.349195 0.012695 0.024890
1 0.311523 0.336750 0.015625 0.032211
1 0.285645 0.340410 0.028320 0.045388
1 0.239258 0.343338 0.021484 0.036603
1 0.198730 0.346266 0.026367 0.039531
1 0.127441 0.346266 0.063477 0.112738
1 0.029297 0.336018 0.056641 0.077599
