1 0.680664 0.452416 0.037109 0.058565
1 0.079102 0.133968 0.025391 0.045388
1 0.166016 0.134700 0.021484 0.040996
1 0.265625 0.150073 0.023438 0.042460
1 0.311523 0.265739 0.007812 0.016105
1 0.203125 0.122987 0.003906 0.008785
1 0.232422 0.134700 0.003906 0.008785
1 0.226562 0.128111 0.003906 0.007321
1 0.196777 0.120791 0.004883 0.010249
1 0.299316 0.139092 0.004883 0.008785
1 0.290039 0.133236 0.003906 0.011713
1 0.282227 0.122987 0.003906 0.008785
1 0.314453 0.106881 0.005859 0.008785
1 0.318848 0.091508 0.004883 0.007321
1 0.364258 0.092972 0.003906 0.010249
1 0.377930 0.232064 0.003906 0.007321
1 0.336914 0.224744 0.005859 0.010249
1 0.232910 0.121523 0.004883 0.008785
