1 0.196777 0.372268 0.040039 0.077869
1 0.675781 0.657787 0.027344 0.036885
1 0.782715 0.632514 0.030273 0.051913
1 0.878906 0.631831 0.025391 0.058743
1 0.887695 0.635929 0.019531 0.061475
1 0.941406 0.622268 0.027344 0.050546
1 0.989258 0.637295 0.019531 0.056011
1 0.983398 0.508880 0.019531 0.042350
1 0.635254 0.631148 0.022461 0.043716
1 0.668457 0.530055 0.016602 0.035519
1 0.736816 0.495902 0.020508 0.038251
1 0.696289 0.469262 0.019531 0.042350
1 0.771484 0.478142 0.021484 0.038251
1 0.816406 0.438525 0.021484 0.040984
1 0.251953 0.651639 0.013672 0.030055
1 0.283691 0.521175 0.018555 0.034153
1 0.270996 0.656421 0.016602 0.028689
1 0.299805 0.665984 0.015625 0.031421
1 0.317871 0.653689 0.016602 0.028689
1 0.355957 0.656421 0.014648 0.028689
1 0.372070 0.638661 0.017578 0.039617
1 0.405762 0.651639 0.014648 0.030055
1 0.465332 0.519809 0.014648 0.025956
1 0.474121 0.639344 0.014648 0.027322
1 0.499023 0.647541 0.019531 0.043716
1 0.534180 0.637978 0.017578 0.030055
1 0.556152 0.638661 0.016602 0.036885
1 0.612305 0.506148 0.023438 0.036885
1 0.580078 0.452186 0.017578 0.030055
1 0.853516 0.341530 0.019531 0.032787
1 0.952148 0.280055 0.015625 0.027322
1 0.978027 0.243852 0.014648 0.034153
1 0.809082 0.232923 0.016602 0.025956
1 0.893066 0.452186 0.022461 0.043716
1 0.657715 0.418033 0.020508 0.043716
1 0.987305 0.402322 0.011719 0.023224
1 0.670410 0.383197 0.022461 0.036885
1 0.098145 0.656421 0.014648 0.031421
1 0.072754 0.663934 0.014648 0.032787
1 0.186523 0.818989 0.023438 0.031421
1 0.111816 0.629781 0.014648 0.032787
1 0.126953 0.614754 0.009766 0.021858
