1 0.709961 0.107887 0.017578 0.031250
1 0.795410 0.090774 0.024414 0.044643
1 0.408691 0.073661 0.014648 0.025298
1 0.353516 0.104167 0.011719 0.017857
1 0.316406 0.072173 0.015625 0.025298
1 0.074707 0.060268 0.016602 0.034226
1 0.141113 0.073661 0.022461 0.043155
1 0.180664 0.063988 0.023438 0.038690
1 0.224609 0.044643 0.015625 0.026786
1 0.248047 0.068452 0.023438 0.032738
1 0.024902 0.038690 0.006836 0.011905
1 0.041016 0.052083 0.007812 0.011905
1 0.111328 0.072173 0.015625 0.025298
1 0.640625 0.076637 0.009766 0.016369
1 0.768555 0.136905 0.005859 0.014881
1 0.759277 0.108631 0.008789 0.014881
1 0.741699 0.110119 0.006836 0.011905
1 0.730469 0.104167 0.009766 0.017857
1 0.388672 0.392113 0.035156 0.049107
1 0.532715 0.264881 0.032227 0.056548
1 0.448242 0.075893 0.023438 0.038690
1 0.516602 0.096726 0.013672 0.023810
1 0.543457 0.113095 0.014648 0.023810
1 0.581543 0.078869 0.016602 0.035714
1 0.647949 0.120536 0.012695 0.026786
1 0.687012 0.114583 0.014648 0.029762
1 0.007812 0.017857 0.011719 0.017857
1 0.552246 0.094494 0.010742 0.019345
1 0.563965 0.077381 0.014648 0.023810
1 0.825684 0.101190 0.018555 0.026786
1 0.427734 0.084821 0.009766 0.020833
1 0.373047 0.069196 0.015625 0.025298
1 0.352539 0.066964 0.019531 0.020833
1 0.499023 0.104911 0.005859 0.010417
1 0.153320 0.069940 0.009766 0.017857
1 0.350098 0.088542 0.008789 0.010417
1 0.342285 0.104167 0.006836 0.011905
1 0.336426 0.092262 0.004883 0.011905
