1 0.655762 0.630117 0.030273 0.070175
1 0.791016 0.419591 0.037109 0.090643
1 0.894531 0.234649 0.033203 0.089181
1 0.744629 0.221491 0.026367 0.074561
1 0.649902 0.286550 0.024414 0.055556
1 0.867188 0.249269 0.019531 0.039474
1 0.905762 0.147661 0.020508 0.035088
1 0.957520 0.123538 0.022461 0.042398
1 0.578613 0.190789 0.026367 0.054094
1 0.518066 0.226608 0.026367 0.043860
1 0.676270 0.178363 0.016602 0.032164
1 0.803711 0.068713 0.019531 0.035088
1 0.765625 0.103070 0.015625 0.027778
1 0.782715 0.070175 0.012695 0.026316
1 0.629883 0.196637 0.015625 0.033626
1 0.453613 0.127924 0.012695 0.024854
1 0.537598 0.127924 0.012695 0.019006
1 0.577637 0.100146 0.012695 0.021930
1 0.474609 0.214912 0.013672 0.026316
1 0.219238 0.413743 0.034180 0.058480
1 0.361816 0.356725 0.032227 0.052632
1 0.283203 0.324561 0.023438 0.035088
1 0.191895 0.351608 0.020508 0.033626
1 0.418457 0.302632 0.012695 0.026316
1 0.017090 0.548246 0.020508 0.055556
1 0.069336 0.456140 0.019531 0.032164
1 0.081543 0.399123 0.014648 0.026316
1 0.152832 0.383041 0.016602 0.035088
1 0.415527 0.247076 0.010742 0.020468
1 0.408691 0.221491 0.010742 0.021930
1 0.354492 0.262427 0.019531 0.030702
1 0.368164 0.169591 0.011719 0.023392
1 0.323730 0.195175 0.012695 0.019006
1 0.294434 0.262427 0.012695 0.021930
1 0.259766 0.209795 0.011719 0.019006
1 0.240723 0.285088 0.018555 0.032164
1 0.240234 0.247807 0.013672 0.019006
1 0.240723 0.211988 0.008789 0.017544
1 0.196777 0.243421 0.010742 0.019006
1 0.205078 0.304094 0.011719 0.020468
1 0.168945 0.352339 0.015625 0.023392
1 0.160645 0.278509 0.008789 0.016082
1 0.222168 0.192251 0.010742 0.016082
1 0.208984 0.198830 0.007812 0.017544
1 0.176270 0.217836 0.008789 0.014620
1 0.157715 0.241228 0.010742 0.023392
1 0.141113 0.241959 0.010742 0.024854
1 0.121582 0.353801 0.014648 0.026316
1 0.075684 0.271930 0.008789 0.017544
1 0.061035 0.272661 0.008789 0.019006
1 0.032715 0.356725 0.012695 0.023392
1 0.060059 0.320175 0.018555 0.032164
1 0.017578 0.299708 0.013672 0.017544
1 0.033203 0.410088 0.015625 0.027778
1 0.009277 0.364035 0.012695 0.023392
1 0.692383 0.268275 0.033203 0.062865
1 0.488281 0.309942 0.025391 0.049708
1 0.460449 0.290936 0.022461 0.032164
1 0.125000 0.297515 0.015625 0.027778
1 0.100586 0.304825 0.015625 0.033626
1 0.130371 0.410088 0.024414 0.033626
1 0.047363 0.556287 0.030273 0.065789
