1 0.164062 0.903274 0.054688 0.061012
1 0.121094 0.787202 0.066406 0.062500
1 0.122070 0.710193 0.064453 0.057292
1 0.074219 0.615327 0.060547 0.050595
1 0.332031 0.812128 0.058594 0.058780
1 0.484375 0.843378 0.074219 0.069196
1 0.679688 0.866815 0.056641 0.061012
1 0.927734 0.899182 0.064453 0.051339
1 0.839844 0.792411 0.064453 0.055060
1 0.568359 0.749256 0.070312 0.062500
1 0.729980 0.668155 0.073242 0.062500
1 0.005859 0.949405 0.011719 0.049107
1 0.367676 0.759673 0.067383 0.056548
1 0.499512 0.747024 0.065430 0.061012
1 0.945801 0.695312 0.055664 0.057292
1 0.250000 0.590774 0.064453 0.062500
1 0.489258 0.577753 0.064453 0.060268
1 0.675293 0.497768 0.065430 0.055060
1 0.911133 0.518601 0.054688 0.052083
1 0.468262 0.507440 0.059570 0.038690
1 0.306641 0.470982 0.058594 0.049107
1 0.252441 0.386161 0.045898 0.063988
1 0.133789 0.312872 0.062500 0.057292
1 0.706543 0.367932 0.069336 0.055804
1 0.823242 0.301339 0.064453 0.055060
1 0.987793 0.050967 0.024414 0.046875
1 0.831543 0.055060 0.051758 0.047619
1 0.912598 0.155878 0.053711 0.051339
1 0.825195 0.220610 0.060547 0.046875
1 0.589355 0.255952 0.055664 0.050595
1 0.613281 0.194940 0.064453 0.058036
1 0.635742 0.071429 0.050781 0.047619
1 0.405762 0.270089 0.053711 0.058036
1 0.426270 0.217634 0.061523 0.057292
1 0.451660 0.067336 0.051758 0.051339
1 0.390137 0.080357 0.041992 0.047619
1 0.397949 0.155878 0.057617 0.054315
1 0.105469 0.070685 0.054688 0.049107
1 0.144043 0.150298 0.059570 0.056548
1 0.194824 0.192708 0.067383 0.055060
