1 0.229492 0.506618 0.078125 0.119118
1 0.161621 0.237500 0.063477 0.107353
1 0.365234 0.294853 0.054688 0.098529
1 0.391602 0.198529 0.044922 0.073529
1 0.483887 0.508824 0.061523 0.108824
1 0.585449 0.639706 0.067383 0.155882
1 0.816895 0.429412 0.073242 0.152941
1 0.931152 0.087500 0.049805 0.086765
1 0.787598 0.325000 0.059570 0.102941
1 0.520020 0.240441 0.065430 0.104412
1 0.664551 0.096324 0.040039 0.069118
1 0.759277 0.178676 0.041992 0.060294
1 0.657715 0.214706 0.049805 0.082353
1 0.744629 0.277941 0.045898 0.073529
1 0.078125 0.226471 0.033203 0.058824
1 0.419922 0.233088 0.023438 0.039706
1 0.426270 0.266176 0.020508 0.038235
1 0.022949 0.243382 0.028320 0.045588
1 0.381348 0.127941 0.014648 0.017647
