1 0.417480 0.196737 0.051758 0.163148
1 0.584473 0.477927 0.028320 0.103647
1 0.461914 0.496161 0.050781 0.120921
1 0.762207 0.454894 0.045898 0.122841
1 0.933105 0.672745 0.041992 0.105566
1 0.125977 0.962572 0.015625 0.040307
1 0.078125 0.956814 0.013672 0.040307
1 0.135742 0.928023 0.017578 0.047985
1 0.180664 0.979846 0.015625 0.036468
1 0.230469 0.925144 0.013672 0.030710
1 0.263184 0.946257 0.014648 0.038388
1 0.260254 0.892514 0.012695 0.034549
1 0.226074 0.887716 0.012695 0.036468
1 0.184570 0.857965 0.013672 0.034549
1 0.229492 0.853167 0.011719 0.032630
1 0.261230 0.872361 0.012695 0.032630
1 0.243652 0.822457 0.008789 0.028791
1 0.222656 0.751440 0.011719 0.028791
1 0.142578 0.857006 0.011719 0.028791
1 0.048340 0.866603 0.010742 0.024952
1 0.034180 0.922265 0.009766 0.028791
1 0.067871 0.795585 0.010742 0.028791
1 0.063477 0.763916 0.011719 0.026871
1 0.020996 0.748560 0.008789 0.023033
1 0.020996 0.873321 0.008789 0.026871
1 0.137207 0.767754 0.008789 0.026871
1 0.119629 0.770633 0.010742 0.028791
1 0.083984 0.740883 0.009766 0.026871
1 0.074219 0.907869 0.011719 0.030710
1 0.093262 0.945298 0.012695 0.032630
1 0.156738 0.815739 0.012695 0.034549
1 0.153809 0.741843 0.010742 0.028791
1 0.211426 0.784069 0.010742 0.024952
1 0.177734 0.786948 0.009766 0.026871
1 0.101074 0.837812 0.012695 0.028791
1 0.267578 0.828215 0.011719 0.032630
1 0.304688 0.944338 0.015625 0.038388
1 0.295410 0.914587 0.012695 0.032630
1 0.309570 0.892514 0.013672 0.038388
1 0.189941 0.700576 0.008789 0.026871
1 0.033691 0.960653 0.012695 0.032630
1 0.135254 0.834933 0.010742 0.030710
1 0.140625 0.690019 0.009766 0.028791
1 0.111328 0.702495 0.009766 0.026871
1 0.175293 0.888676 0.014648 0.038388
1 0.043457 0.685221 0.010742 0.026871
1 0.073242 0.690019 0.009766 0.028791
1 0.090332 0.599808 0.010742 0.024952
1 0.205078 0.675624 0.007812 0.023033
1 0.108887 0.811900 0.012695 0.034549
1 0.248535 0.761036 0.010742 0.024952
1 0.285156 0.803263 0.009766 0.024952
1 0.303711 0.789827 0.007812 0.024952
1 0.180664 0.751440 0.007812 0.021113
