1 0.103516 0.460352 0.015625 0.051395
1 0.007812 0.344347 0.015625 0.030837
1 0.026855 0.282673 0.022461 0.048458
1 0.043457 0.260646 0.016602 0.039648
1 0.115723 0.270925 0.024414 0.042584
1 0.246094 0.350220 0.019531 0.042584
1 0.038574 0.483847 0.022461 0.045521
1 0.132812 0.488253 0.023438 0.039648
1 0.297852 0.406021 0.021484 0.042584
1 0.177734 0.353891 0.023438 0.058737
1 0.266602 0.251101 0.021484 0.041116
1 0.280762 0.291483 0.018555 0.030837
1 0.307129 0.273862 0.022461 0.048458
1 0.321289 0.247430 0.019531 0.039648
1 0.346191 0.241557 0.014648 0.030837
1 0.106445 0.233480 0.025391 0.038179
1 0.159180 0.209985 0.023438 0.046990
1 0.125488 0.185022 0.018555 0.032305
1 0.034180 0.109398 0.019531 0.036711
1 0.021973 0.044787 0.016602 0.027900
1 0.082520 0.044787 0.018555 0.033774
1 0.121582 0.096182 0.016602 0.033774
1 0.165039 0.066814 0.019531 0.033774
1 0.172363 0.167401 0.020508 0.038179
1 0.206543 0.170338 0.018555 0.038179
1 0.201660 0.113803 0.016602 0.036711
1 0.234375 0.110866 0.017578 0.033774
1 0.252930 0.090308 0.015625 0.033774
1 0.253906 0.044787 0.017578 0.030837
1 0.172363 0.019090 0.016602 0.026432
1 0.225098 0.201909 0.016602 0.033774
1 0.230957 0.171806 0.012695 0.032305
1 0.237305 0.163730 0.011719 0.027900
1 0.214355 0.146109 0.012695 0.027900
1 0.234375 0.226138 0.011719 0.026432
1 0.270508 0.021292 0.015625 0.027900
1 0.273926 0.063142 0.014648 0.023495
1 0.042969 0.007342 0.019531 0.014684
1 0.116211 0.022761 0.015625 0.027900
1 0.292480 0.152717 0.014648 0.026432
1 0.288574 0.132893 0.016602 0.030837
1 0.314941 0.136564 0.014648 0.029369
1 0.324707 0.089574 0.016602 0.032305
1 0.350586 0.085169 0.015625 0.035242
1 0.376953 0.088106 0.013672 0.023495
1 0.388184 0.130690 0.016602 0.032305
1 0.290527 0.187959 0.014648 0.029369
1 0.274902 0.209251 0.014648 0.027900
1 0.302246 0.222467 0.018555 0.030837
1 0.319336 0.182819 0.015625 0.027900
1 0.326660 0.211454 0.014648 0.026432
1 0.340820 0.174009 0.013672 0.027900
1 0.369629 0.173275 0.018555 0.029369
1 0.377441 0.203377 0.018555 0.030837
1 0.361328 0.277533 0.015625 0.029369
1 0.397461 0.159325 0.015625 0.030837
1 0.406738 0.125551 0.014648 0.030837
1 0.431152 0.165932 0.016602 0.029369
1 0.416504 0.193098 0.016602 0.030837
1 0.424805 0.301028 0.021484 0.044053
1 0.454590 0.250367 0.012695 0.030837
1 0.483887 0.294420 0.022461 0.039648
1 0.501465 0.254772 0.016602 0.033774
1 0.490234 0.202643 0.017578 0.032305
1 0.481445 0.229809 0.017578 0.030837
1 0.473633 0.179148 0.015625 0.029369
1 0.467285 0.079295 0.016602 0.026432
1 0.514648 0.103524 0.017578 0.033774
1 0.434570 0.084435 0.015625 0.027900
1 0.412598 0.080029 0.014648 0.024963
1 0.512695 0.190162 0.015625 0.036711
1 0.535156 0.203377 0.019531 0.033774
1 0.398438 0.055066 0.013672 0.030837
1 0.443359 0.058737 0.015625 0.029369
1 0.475098 0.049192 0.016602 0.030837
1 0.498535 0.041116 0.012695 0.023495
1 0.514160 0.038913 0.012695 0.024963
1 0.454590 0.118209 0.014648 0.024963
1 0.407227 0.030103 0.011719 0.019090
1 0.443848 0.031571 0.014648 0.027900
1 0.432617 0.031571 0.011719 0.022026
1 0.483398 0.027166 0.013672 0.024963
1 0.478027 0.012482 0.012695 0.022026
1 0.519531 0.010279 0.013672 0.020558
1 0.542480 0.063142 0.012695 0.026432
1 0.556152 0.139501 0.014648 0.029369
1 0.571289 0.093979 0.015625 0.035242
1 0.600586 0.110866 0.015625 0.024963
1 0.622070 0.071219 0.011719 0.024963
1 0.614746 0.034508 0.014648 0.027900
1 0.638184 0.040382 0.014648 0.027900
1 0.652832 0.066814 0.012695 0.024963
1 0.667969 0.060940 0.013672 0.027900
1 0.686523 0.057269 0.011719 0.029369
1 0.696777 0.038179 0.014648 0.023495
1 0.662109 0.041116 0.013672 0.023495
1 0.700195 0.017621 0.013672 0.023495
1 0.635742 0.091777 0.011719 0.027900
1 0.675781 0.091777 0.015625 0.030837
1 0.704102 0.093245 0.015625 0.027900
1 0.686523 0.137298 0.015625 0.030837
1 0.622559 0.158590 0.016602 0.026432
1 0.569336 0.171806 0.017578 0.026432
1 0.612793 0.212188 0.016602 0.030837
1 0.636719 0.218062 0.017578 0.030837
1 0.656738 0.198972 0.014648 0.024963
1 0.681152 0.175477 0.018555 0.027900
1 0.737305 0.175477 0.013672 0.027900
1 0.779297 0.168135 0.015625 0.027900
1 0.646484 0.238620 0.017578 0.030837
1 0.664062 0.234214 0.015625 0.027900
1 0.673828 0.267254 0.017578 0.032305
1 0.597168 0.257709 0.018555 0.039648
1 0.578125 0.284875 0.017578 0.038179
1 0.600586 0.290015 0.017578 0.033774
1 0.630371 0.281938 0.016602 0.035242
1 0.558105 0.325257 0.016602 0.030837
1 0.583984 0.341410 0.017578 0.033774
1 0.606445 0.341410 0.015625 0.027900
1 0.621582 0.331865 0.016602 0.032305
1 0.665527 0.325991 0.016602 0.038179
1 0.622070 0.367841 0.015625 0.036711
1 0.651367 0.393539 0.017578 0.035242
1 0.725586 0.336270 0.019531 0.038179
1 0.696289 0.301762 0.017578 0.030837
1 0.703125 0.270925 0.017578 0.036711
1 0.725586 0.267988 0.017578 0.036711
1 0.715332 0.257709 0.016602 0.030837
1 0.759766 0.278267 0.015625 0.030837
1 0.744629 0.323054 0.012695 0.035242
1 0.760742 0.328194 0.015625 0.036711
1 0.764160 0.387665 0.016602 0.032305
1 0.774902 0.323789 0.014648 0.033774
1 0.769531 0.243759 0.015625 0.026432
1 0.533691 0.412628 0.024414 0.041116
1 0.539062 0.536711 0.021484 0.036711
1 0.591797 0.535977 0.021484 0.038179
1 0.654785 0.525698 0.024414 0.041116
1 0.660156 0.499266 0.021484 0.041116
1 0.668945 0.429515 0.021484 0.045521
1 0.784668 0.477239 0.022461 0.046990
1 0.728027 0.570485 0.024414 0.045521
1 0.731934 0.514684 0.016602 0.045521
1 0.809082 0.428781 0.020508 0.032305
1 0.793457 0.436123 0.016602 0.032305
1 0.845215 0.468429 0.018555 0.035242
1 0.819824 0.509545 0.020508 0.038179
1 0.806641 0.571953 0.021484 0.036711
1 0.866699 0.568282 0.022461 0.041116
1 0.823242 0.560206 0.021484 0.048458
1 0.868164 0.500000 0.023438 0.036711
1 0.892090 0.483113 0.020508 0.035242
1 0.858398 0.433186 0.019531 0.026432
1 0.924805 0.530837 0.021484 0.042584
1 0.731445 0.473568 0.019531 0.030837
1 0.902832 0.436858 0.012695 0.027900
1 0.931152 0.468429 0.020508 0.041116
1 0.805176 0.345081 0.018555 0.029369
1 0.957520 0.521292 0.020508 0.032305
1 0.937988 0.581498 0.022461 0.044053
1 0.974609 0.632893 0.027344 0.046990
1 0.957520 0.439794 0.018555 0.033774
1 0.982422 0.461087 0.023438 0.041116
1 0.933105 0.420705 0.016602 0.033774
1 0.916504 0.391336 0.016602 0.027900
1 0.928711 0.370778 0.017578 0.030837
1 0.952637 0.355360 0.018555 0.038179
1 0.967285 0.325991 0.016602 0.029369
1 0.988770 0.334802 0.016602 0.038179
1 0.977051 0.393539 0.014648 0.041116
1 0.985840 0.402349 0.014648 0.032305
1 0.906738 0.320852 0.014648 0.033774
1 0.876953 0.310573 0.017578 0.033774
1 0.831055 0.465492 0.019531 0.038179
1 0.741211 0.091777 0.011719 0.022026
1 0.765137 0.049927 0.012695 0.023495
1 0.718750 0.060940 0.011719 0.024963
1 0.770020 0.098385 0.014648 0.026432
1 0.768555 0.115272 0.013672 0.027900
1 0.779785 0.148311 0.016602 0.029369
1 0.793945 0.127753 0.013672 0.026432
1 0.793457 0.049927 0.014648 0.023495
1 0.837402 0.102056 0.014648 0.024963
1 0.810547 0.195301 0.017578 0.029369
1 0.840820 0.183554 0.015625 0.032305
1 0.849609 0.185756 0.013672 0.027900
1 0.857910 0.159325 0.014648 0.027900
1 0.847168 0.074156 0.014648 0.027900
1 0.869141 0.089574 0.013672 0.026432
1 0.873047 0.138032 0.013672 0.026432
1 0.898438 0.129956 0.013672 0.027900
1 0.776367 0.081498 0.013672 0.022026
1 0.790527 0.064611 0.010742 0.020558
1 0.816895 0.085169 0.010742 0.020558
1 0.929688 0.104258 0.015625 0.029369
1 0.904297 0.186490 0.017578 0.029369
1 0.871582 0.160793 0.016602 0.024963
1 0.891602 0.283407 0.017578 0.035242
1 0.964844 0.222467 0.017578 0.033774
1 0.967773 0.187959 0.015625 0.032305
1 0.934082 0.295154 0.014648 0.029369
1 0.962891 0.298091 0.015625 0.032305
1 0.981934 0.160059 0.016602 0.029369
1 0.996582 0.227606 0.006836 0.023495
1 0.982910 0.088840 0.012695 0.024963
1 0.986816 0.129956 0.012695 0.027900
1 0.887695 0.013950 0.013672 0.024963
1 0.941406 0.229809 0.011719 0.024963
1 0.886719 0.212922 0.013672 0.026432
1 0.811523 0.165932 0.015625 0.023495
1 0.400879 0.712922 0.030273 0.042584
1 0.535645 0.747430 0.028320 0.046990
1 0.590332 0.722467 0.028320 0.055800
1 0.633301 0.723201 0.028320 0.054332
1 0.040527 0.685756 0.028320 0.044053
1 0.442383 0.379589 0.031250 0.063142
1 0.334961 0.449339 0.019531 0.038179
1 0.847656 0.027166 0.009766 0.016153
1 0.864258 0.011747 0.011719 0.020558
1 0.819336 0.023495 0.011719 0.020558
1 0.764648 0.006608 0.009766 0.013216
1 0.856934 0.052863 0.010742 0.020558
1 0.730469 0.033040 0.011719 0.019090
1 0.330078 0.306167 0.013672 0.027900
1 0.995117 0.259178 0.007812 0.024963
1 0.571777 0.211454 0.012695 0.020558
1 0.130371 0.079295 0.010742 0.020558
1 0.207031 0.024229 0.015625 0.022026
