1 0.712402 0.158858 0.075195 0.062958
1 0.907227 0.119327 0.046875 0.049780
1 0.810059 0.142387 0.024414 0.021230
1 0.960449 0.094070 0.026367 0.024158
1 0.389648 0.379209 0.046875 0.045388
1 0.528809 0.385798 0.047852 0.049780
1 0.550781 0.432284 0.083984 0.068082
1 0.020508 0.407760 0.039062 0.046852
1 0.191895 0.502562 0.166992 0.088580
1 0.829102 0.609078 0.142578 0.144949
1 0.773926 0.159590 0.018555 0.016105
1 0.584473 0.165813 0.020508 0.018302
1 0.070312 0.257687 0.019531 0.021962
1 0.102539 0.220351 0.019531 0.014641
1 0.112793 0.244510 0.020508 0.019034
1 0.140625 0.235725 0.021484 0.023426
1 0.175293 0.237189 0.020508 0.020498
1 0.159180 0.227306 0.007812 0.009517
1 0.178711 0.256223 0.023438 0.026354
1 0.226562 0.262079 0.023438 0.023426
1 0.200195 0.228770 0.021484 0.019766
1 0.284180 0.220717 0.019531 0.019766
1 0.299805 0.214495 0.021484 0.021962
1 0.354004 0.207906 0.024414 0.021962
1 0.408203 0.200586 0.017578 0.017570
1 0.454102 0.217057 0.029297 0.030015
1 0.474609 0.207906 0.011719 0.016105
1 0.505371 0.212299 0.026367 0.026354
1 0.530273 0.147145 0.021484 0.030747
1 0.655762 0.178258 0.020508 0.024158
1 0.676758 0.159224 0.019531 0.021230
