1 0.083984 0.603851 0.017578 0.033012
1 0.110840 0.603164 0.016602 0.031637
1 0.143066 0.595598 0.014648 0.033012
1 0.164062 0.619670 0.017578 0.031637
1 0.202148 0.590096 0.017578 0.035763
1 0.239258 0.597662 0.019531 0.031637
1 0.158691 0.566713 0.012695 0.024759
1 0.227539 0.560523 0.013672 0.023384
1 0.251465 0.560523 0.012695 0.017882
1 0.006348 0.455983 0.010742 0.028886
1 0.185059 0.545392 0.010742 0.017882
1 0.375488 0.230399 0.040039 0.061898
1 0.523438 0.449794 0.019531 0.041265
1 0.454102 0.612105 0.019531 0.033012
1 0.453125 0.569464 0.017578 0.030261
1 0.488281 0.561898 0.015625 0.034388
1 0.500977 0.570839 0.015625 0.030261
1 0.594727 0.552270 0.017578 0.031637
1 0.599121 0.599725 0.016602 0.030261
1 0.645508 0.578404 0.017578 0.031637
1 0.664551 0.503439 0.014648 0.027510
1 0.642090 0.463549 0.016602 0.027510
1 0.592773 0.418845 0.011719 0.020633
1 0.507812 0.458735 0.007812 0.015131
1 0.688965 0.418157 0.014648 0.030261
1 0.696289 0.585282 0.017578 0.028886
1 0.560547 0.434663 0.009766 0.016506
1 0.615234 0.387208 0.013672 0.020633
1 0.572266 0.458735 0.015625 0.026135
1 0.610352 0.440165 0.011719 0.022008
1 0.884277 0.591472 0.020508 0.038514
1 0.873047 0.558459 0.017578 0.030261
1 0.863281 0.541953 0.013672 0.024759
1 0.871582 0.513067 0.014648 0.022008
1 0.908691 0.520633 0.018555 0.028886
1 0.930664 0.519257 0.017578 0.034388
1 0.940430 0.578404 0.023438 0.039890
1 0.986328 0.559147 0.021484 0.037139
1 0.971680 0.527510 0.015625 0.028886
1 0.960938 0.522696 0.017578 0.035763
1 0.055664 0.619670 0.015625 0.026135
1 0.027344 0.678817 0.011719 0.020633
1 0.056641 0.596974 0.015625 0.030261
1 0.038574 0.609354 0.010742 0.022008
