1 0.025391 0.276693 0.015625 0.027344
1 0.075684 0.297526 0.032227 0.045573
1 0.119629 0.311198 0.016602 0.026042
1 0.274902 0.272786 0.012695 0.024740
1 0.362793 0.287109 0.024414 0.040365
1 0.331055 0.380859 0.017578 0.035156
1 0.387695 0.274740 0.013672 0.023438
1 0.441406 0.378255 0.023438 0.037760
1 0.543457 0.320312 0.038086 0.078125
1 0.528320 0.339193 0.019531 0.037760
1 0.905273 0.343099 0.027344 0.040365
1 0.960938 0.299479 0.019531 0.028646
1 0.690918 0.335938 0.018555 0.028646
1 0.773438 0.313151 0.017578 0.024740
1 0.818359 0.372396 0.027344 0.033854
1 0.693848 0.280599 0.014648 0.022135
1 0.862793 0.333333 0.020508 0.031250
