1 0.235352 0.281845 0.039062 0.115666
1 0.508789 0.415081 0.050781 0.095168
1 0.628906 0.379941 0.044922 0.086384
1 0.703125 0.459004 0.039062 0.074671
1 0.301270 0.674963 0.073242 0.137628
1 0.114746 0.722548 0.012695 0.016105
1 0.089355 0.813324 0.014648 0.021962
1 0.142090 0.767204 0.012695 0.020498
1 0.199707 0.779649 0.014648 0.027818
1 0.212402 0.837482 0.014648 0.026354
1 0.175293 0.855783 0.018555 0.027818
1 0.141602 0.819180 0.013672 0.021962
1 0.106445 0.872621 0.021484 0.032211
1 0.106934 0.964861 0.008789 0.014641
1 0.122070 0.953148 0.009766 0.014641
1 0.141113 0.944363 0.008789 0.014641
1 0.155762 0.929722 0.008789 0.014641
1 0.173828 0.924597 0.009766 0.016105
1 0.190430 0.907760 0.009766 0.014641
1 0.207031 0.906296 0.009766 0.014641
1 0.632324 0.770132 0.026367 0.058565
1 0.892090 0.492679 0.084961 0.224012
1 0.845215 0.166911 0.020508 0.043924
1 0.770508 0.852855 0.027344 0.054173
