1 0.013672 0.140351 0.027344 0.076023
1 0.083008 0.143275 0.037109 0.055556
1 0.177734 0.161550 0.042969 0.068713
1 0.237793 0.135965 0.038086 0.058480
1 0.247070 0.344298 0.076172 0.147661
1 0.466797 0.166667 0.078125 0.172515
1 0.664062 0.263158 0.058594 0.143275
1 0.804199 0.073099 0.053711 0.084795
1 0.594727 0.176901 0.046875 0.078947
1 0.686035 0.104532 0.040039 0.065789
1 0.737305 0.165205 0.044922 0.061404
1 0.896484 0.101608 0.042969 0.062865
1 0.953613 0.110380 0.030273 0.045322
1 0.991211 0.076754 0.015625 0.092105
1 0.410645 0.139620 0.032227 0.054094
