1 0.026367 0.284146 0.027344 0.041463
1 0.115723 0.263415 0.022461 0.034146
1 0.164062 0.223780 0.021484 0.035366
1 0.185059 0.222561 0.016602 0.030488
1 0.087402 0.212805 0.014648 0.018293
1 0.059082 0.243902 0.016602 0.026829
1 0.070312 0.244512 0.009766 0.025610
1 0.146484 0.214024 0.009766 0.020732
1 0.145020 0.296951 0.043945 0.057317
1 0.204102 0.316463 0.035156 0.047561
1 0.226562 0.265854 0.021484 0.036585
1 0.338867 0.264024 0.046875 0.076829
1 0.405762 0.298171 0.030273 0.054878
1 0.478027 0.314634 0.012695 0.026829
1 0.520508 0.292073 0.023438 0.037805
1 0.568359 0.273171 0.046875 0.080488
1 0.522949 0.450000 0.063477 0.092683
1 0.075195 0.476829 0.027344 0.041463
1 0.636719 0.367683 0.044922 0.081707
1 0.826660 0.396341 0.043945 0.090244
1 0.654297 0.271341 0.029297 0.057317
1 0.689941 0.213415 0.018555 0.034146
1 0.841309 0.348780 0.038086 0.060976
1 0.833984 0.291463 0.037109 0.043902
1 0.953613 0.383537 0.041992 0.079268
1 0.968750 0.314634 0.035156 0.051220
1 0.850098 0.809146 0.065430 0.093902
1 0.813477 0.714024 0.050781 0.052439
1 0.007812 0.258537 0.015625 0.034146
1 0.114258 0.237195 0.019531 0.028049
1 0.295410 0.315244 0.020508 0.037805
1 0.497070 0.185366 0.005859 0.007317
