1 0.048828 0.900291 0.093750 0.074236
1 0.030762 0.654294 0.061523 0.080058
1 0.022461 0.453421 0.044922 0.062591
1 0.248047 0.908297 0.082031 0.064047
1 0.190430 0.671761 0.064453 0.077147
1 0.140625 0.453421 0.058594 0.080058
1 0.109375 0.290393 0.058594 0.050946
1 0.201172 0.163755 0.046875 0.056769
1 0.247559 0.300582 0.051758 0.065502
1 0.374512 0.315866 0.051758 0.066958
1 0.316895 0.185590 0.045898 0.077147
1 0.503906 0.058952 0.041016 0.074236
1 0.394531 0.068413 0.044922 0.078603
1 0.276367 0.064047 0.041016 0.066958
1 0.615723 0.068413 0.040039 0.061135
1 0.725586 0.064774 0.035156 0.059680
1 0.813477 0.163755 0.048828 0.062591
1 0.687988 0.169578 0.045898 0.048035
1 0.569336 0.168122 0.044922 0.059680
1 0.646973 0.291849 0.055664 0.068413
1 0.943848 0.154294 0.049805 0.049491
1 0.923340 0.290393 0.053711 0.062591
1 0.788574 0.312227 0.055664 0.065502
1 0.519043 0.297671 0.045898 0.059680
1 0.450684 0.170306 0.045898 0.075691
1 0.894043 0.440320 0.051758 0.068413
1 0.866211 0.655022 0.066406 0.066958
1 0.707031 0.646288 0.062500 0.064047
1 0.747070 0.455604 0.058594 0.066958
1 0.597656 0.448326 0.058594 0.061135
1 0.532715 0.657205 0.065430 0.071325
1 0.449707 0.451965 0.053711 0.056769
1 0.301270 0.467977 0.059570 0.077147
1 0.363281 0.665211 0.068359 0.075691
1 0.818848 0.911208 0.071289 0.055313
1 0.634277 0.938137 0.065430 0.059680
1 0.449707 0.911208 0.081055 0.066958
