1 0.654297 0.462555 0.017578 0.035242
1 0.710449 0.461087 0.018555 0.032305
1 0.753418 0.454479 0.016602 0.033774
1 0.794922 0.464758 0.015625 0.027900
1 0.803711 0.361233 0.015625 0.035242
1 0.686523 0.348018 0.017578 0.032305
1 0.636719 0.345081 0.015625 0.035242
1 0.585938 0.345081 0.017578 0.029369
1 0.842773 0.450073 0.017578 0.036711
1 0.766113 0.586637 0.018555 0.036711
1 0.814941 0.646843 0.016602 0.036711
1 0.713867 0.618943 0.017578 0.033774
1 0.667480 0.648311 0.018555 0.027900
1 0.611328 0.635830 0.017578 0.035242
1 0.536133 0.632893 0.017578 0.035242
1 0.744141 0.328928 0.017578 0.032305
1 0.182617 0.446402 0.015625 0.026432
1 0.234863 0.455947 0.016602 0.030837
1 0.271484 0.443465 0.015625 0.029369
1 0.306152 0.460352 0.014648 0.027900
1 0.348145 0.460352 0.016602 0.033774
1 0.383301 0.454479 0.014648 0.030837
1 0.414551 0.455213 0.014648 0.029369
1 0.457031 0.441263 0.017578 0.027900
1 0.201172 0.603524 0.019531 0.035242
1 0.264160 0.624816 0.018555 0.036711
1 0.333984 0.624082 0.017578 0.038179
1 0.414062 0.622614 0.017578 0.035242
1 0.464844 0.580764 0.015625 0.033774
1 0.095703 0.364170 0.017578 0.026432
1 0.136230 0.375918 0.014648 0.026432
1 0.176270 0.363436 0.014648 0.022026
1 0.213867 0.359031 0.013672 0.030837
1 0.265137 0.330396 0.018555 0.038179
1 0.321289 0.338473 0.015625 0.030837
1 0.367676 0.343612 0.016602 0.029369
1 0.426270 0.350954 0.014648 0.026432
1 0.493164 0.363436 0.015625 0.027900
1 0.532227 0.342878 0.017578 0.033774
1 0.564453 0.455213 0.017578 0.035242
1 0.610840 0.466226 0.014648 0.027900
1 0.929199 0.498532 0.018555 0.024963
1 0.895020 0.609398 0.018555 0.035242
1 0.847656 0.602056 0.017578 0.035242
1 0.130371 0.645374 0.020508 0.033774
1 0.512695 0.455947 0.017578 0.027900
