1 0.713867 0.245443 0.173828 0.298177
1 0.468262 0.147786 0.096680 0.139323
1 0.497070 0.752604 0.029297 0.049479
1 0.191895 0.774089 0.014648 0.022135
1 0.179199 0.744792 0.008789 0.015625
1 0.205566 0.755208 0.008789 0.015625
1 0.262695 0.783203 0.007812 0.016927
1 0.360352 0.730469 0.013672 0.023438
1 0.270508 0.710938 0.007812 0.015625
1 0.247070 0.725911 0.007812 0.014323
1 0.029297 0.733073 0.019531 0.026042
1 0.155273 0.781250 0.007812 0.013021
1 0.424805 0.763672 0.009766 0.016927
1 0.194824 0.718750 0.006836 0.015625
1 0.172363 0.822917 0.008789 0.018229
1 0.162598 0.807943 0.008789 0.016927
1 0.252930 0.748698 0.009766 0.015625
1 0.228516 0.718750 0.007812 0.015625
1 0.230957 0.766927 0.008789 0.010417
1 0.268066 0.817708 0.008789 0.015625
1 0.290039 0.732422 0.007812 0.014323
1 0.188965 0.710286 0.008789 0.016927
1 0.169922 0.726562 0.009766 0.018229
1 0.230957 0.817057 0.010742 0.016927
1 0.291504 0.785807 0.004883 0.011719
1 0.279297 0.764974 0.005859 0.011719
1 0.205078 0.704427 0.007812 0.007812
1 0.171387 0.711589 0.008789 0.011719
1 0.235352 0.777344 0.009766 0.015625
1 0.206055 0.773438 0.005859 0.007812
1 0.176270 0.763672 0.004883 0.011719
