1 0.461426 0.393103 0.026367 0.065517
1 0.523438 0.370690 0.021484 0.055172
1 0.592285 0.406897 0.026367 0.062069
1 0.605469 0.348276 0.025391 0.058621
1 0.651855 0.330172 0.024414 0.063793
1 0.664062 0.412069 0.027344 0.062069
1 0.687988 0.375000 0.022461 0.060345
1 0.753906 0.381897 0.025391 0.060345
1 0.822754 0.390517 0.026367 0.070690
1 0.896484 0.406034 0.027344 0.070690
1 0.145996 0.363793 0.022461 0.062069
1 0.219727 0.378448 0.023438 0.053448
1 0.256836 0.354310 0.023438 0.050000
1 0.298828 0.384483 0.025391 0.062069
1 0.350098 0.389655 0.024414 0.058621
1 0.364258 0.324138 0.023438 0.058621
1 0.416504 0.368103 0.024414 0.060345
1 0.438477 0.322414 0.023438 0.051724
