1 0.276855 0.120059 0.043945 0.087848
1 0.027832 0.753294 0.028320 0.054173
1 0.076660 0.721083 0.032227 0.062958
1 0.135254 0.766471 0.026367 0.048316
1 0.139648 0.748902 0.019531 0.042460
1 0.203613 0.727672 0.018555 0.035139
1 0.530273 0.549780 0.011719 0.024890
1 0.572266 0.558565 0.013672 0.027818
1 0.522461 0.731332 0.021484 0.042460
1 0.540039 0.712299 0.021484 0.045388
1 0.543457 0.738653 0.028320 0.062958
1 0.595215 0.713763 0.036133 0.071742
1 0.701660 0.707174 0.026367 0.055637
1 0.773438 0.731332 0.025391 0.054173
