1 0.172363 0.867107 0.057617 0.218796
1 0.462891 0.768722 0.044922 0.095448
1 0.481934 0.678414 0.045898 0.079295
1 0.245117 0.375184 0.009766 0.022026
1 0.224121 0.372981 0.010742 0.011747
1 0.318848 0.363436 0.008789 0.019090
1 0.347168 0.438326 0.020508 0.039648
1 0.562500 0.566814 0.007812 0.014684
1 0.516602 0.576358 0.005859 0.013216
1 0.649414 0.488253 0.005859 0.010279
1 0.854980 0.557269 0.008789 0.016153
1 0.892578 0.576358 0.005859 0.016153
1 0.300781 0.383260 0.005859 0.020558
1 0.378418 0.385463 0.006836 0.030837
1 0.531738 0.447871 0.004883 0.008811
1 0.526855 0.488987 0.004883 0.008811
1 0.600586 0.515419 0.005859 0.014684
1 0.604980 0.488253 0.004883 0.010279
1 0.621094 0.515419 0.005859 0.008811
1 0.652832 0.522026 0.004883 0.010279
1 0.665039 0.496329 0.005859 0.008811
1 0.654785 0.502203 0.004883 0.008811
1 0.877441 0.502203 0.004883 0.011747
1 0.862793 0.494126 0.004883 0.010279
1 0.851562 0.489721 0.003906 0.007342
1 0.825684 0.487518 0.004883 0.008811
1 0.991211 0.618209 0.007812 0.017621
1 0.735840 0.541850 0.006836 0.008811
1 0.738770 0.495595 0.004883 0.010279
