1 0.083496 0.158155 0.034180 0.085667
1 0.145020 0.182043 0.036133 0.080725
1 0.204102 0.149094 0.029297 0.070840
1 0.226562 0.373970 0.035156 0.062603
1 0.259277 0.163097 0.026367 0.052718
1 0.303223 0.143328 0.026367 0.069193
1 0.362793 0.084020 0.030273 0.056013
1 0.458496 0.051895 0.028320 0.064250
1 0.436523 0.126853 0.033203 0.079077
1 0.501953 0.121087 0.025391 0.064250
1 0.154785 0.518946 0.040039 0.082372
1 0.328125 0.378089 0.033203 0.067545
1 0.312012 0.540362 0.040039 0.102142
1 0.441406 0.374794 0.031250 0.057661
1 0.513184 0.355025 0.030273 0.074135
1 0.457031 0.539539 0.039062 0.087315
1 0.564453 0.103789 0.027344 0.069193
1 0.608887 0.079901 0.026367 0.060956
1 0.648438 0.084020 0.023438 0.056013
1 0.700195 0.092257 0.027344 0.062603
1 0.763184 0.112026 0.028320 0.059308
1 0.803223 0.113674 0.034180 0.069193
1 0.901855 0.081549 0.036133 0.080725
1 0.617188 0.331960 0.031250 0.077430
1 0.685547 0.322076 0.031250 0.070840
1 0.621094 0.495881 0.041016 0.092257
1 0.752930 0.286656 0.033203 0.072488
1 0.796875 0.491763 0.039062 0.077430
1 0.905273 0.446458 0.042969 0.085667
