1 0.076172 0.215227 0.033203 0.058565
1 0.127930 0.257687 0.041016 0.079063
1 0.204102 0.215227 0.037109 0.070278
1 0.227539 0.170571 0.029297 0.057101
1 0.271484 0.212299 0.035156 0.061493
1 0.321777 0.203514 0.028320 0.067350
1 0.244141 0.306735 0.037109 0.077599
1 0.330566 0.322840 0.038086 0.080527
1 0.362793 0.210835 0.032227 0.064422
1 0.424805 0.203514 0.031250 0.055637
1 0.530273 0.180088 0.027344 0.061493
1 0.505371 0.319912 0.034180 0.062958
1 0.434082 0.345534 0.034180 0.070278
1 0.087402 0.423133 0.040039 0.067350
1 0.175293 0.474378 0.043945 0.079063
1 0.288574 0.472914 0.036133 0.073206
1 0.397461 0.457540 0.039062 0.083455
1 0.610352 0.211567 0.031250 0.065886
1 0.602539 0.297218 0.035156 0.070278
1 0.655273 0.326501 0.035156 0.073206
1 0.500977 0.502928 0.039062 0.077599
1 0.604004 0.478038 0.038086 0.074671
1 0.704102 0.158126 0.031250 0.061493
1 0.816895 0.221816 0.032227 0.062958
1 0.730957 0.321376 0.030273 0.068814
1 0.820801 0.322840 0.038086 0.071742
1 0.892090 0.320644 0.041992 0.081991
1 0.688965 0.489751 0.036133 0.074671
1 0.769531 0.483163 0.039062 0.070278
1 0.859375 0.469985 0.039062 0.073206
