1 0.506836 0.518229 0.009766 0.015625
1 0.233887 0.480469 0.040039 0.072917
1 0.326660 0.488281 0.026367 0.044271
1 0.351562 0.494141 0.015625 0.032552
1 0.382812 0.504557 0.013672 0.029948
1 0.432129 0.510417 0.016602 0.028646
1 0.447266 0.494792 0.011719 0.031250
1 0.496094 0.525391 0.015625 0.022135
1 0.412109 0.497396 0.011719 0.023438
1 0.519043 0.509766 0.010742 0.019531
1 0.530762 0.505208 0.008789 0.013021
1 0.543945 0.508464 0.011719 0.019531
1 0.570801 0.498047 0.010742 0.016927
1 0.480957 0.511068 0.008789 0.016927
1 0.560547 0.521484 0.009766 0.014323
1 0.017090 0.522135 0.028320 0.059896
1 0.098633 0.531250 0.027344 0.052083
1 0.203613 0.498047 0.018555 0.032552
