1 0.122559 0.238778 0.028320 0.046135
1 0.191895 0.254988 0.026367 0.046135
1 0.066895 0.380923 0.028320 0.051122
1 0.134766 0.380923 0.025391 0.046135
1 0.091309 0.485661 0.026367 0.051122
1 0.093262 0.599751 0.028320 0.049875
1 0.173340 0.607232 0.028320 0.049875
1 0.246582 0.254988 0.024414 0.046135
1 0.287598 0.255611 0.028320 0.044888
1 0.325684 0.256858 0.028320 0.047382
1 0.214355 0.377805 0.030273 0.044888
1 0.293945 0.370324 0.031250 0.044888
1 0.360352 0.375935 0.027344 0.043641
1 0.177734 0.496883 0.031250 0.048628
1 0.259277 0.491895 0.030273 0.046135
1 0.259766 0.607855 0.027344 0.046135
1 0.381348 0.259352 0.026367 0.037406
1 0.442871 0.261222 0.028320 0.046135
1 0.518555 0.263716 0.025391 0.043641
1 0.411621 0.376559 0.024414 0.042394
1 0.465820 0.383416 0.027344 0.051122
1 0.520508 0.382170 0.027344 0.046135
1 0.347168 0.495636 0.028320 0.051122
1 0.424316 0.497506 0.026367 0.042394
1 0.493652 0.496883 0.026367 0.051122
1 0.340820 0.614713 0.027344 0.049875
1 0.415039 0.613466 0.029297 0.049875
1 0.492188 0.624065 0.029297 0.051122
1 0.586914 0.267456 0.023438 0.048628
1 0.651855 0.265586 0.022461 0.044888
1 0.585449 0.378429 0.024414 0.048628
1 0.671387 0.386534 0.026367 0.044888
1 0.723145 0.281172 0.028320 0.046135
1 0.793457 0.273067 0.024414 0.044888
1 0.871582 0.265586 0.024414 0.047382
1 0.744629 0.390898 0.028320 0.046135
1 0.830078 0.385910 0.025391 0.048628
1 0.902344 0.404613 0.029297 0.043641
1 0.720215 0.488155 0.028320 0.048628
1 0.807129 0.493766 0.028320 0.047382
1 0.891602 0.516833 0.029297 0.043641
1 0.941406 0.516833 0.029297 0.043641
1 0.564941 0.495012 0.026367 0.044888
1 0.645020 0.493766 0.028320 0.049875
1 0.568359 0.612219 0.029297 0.047382
1 0.658691 0.609102 0.028320 0.046135
1 0.743652 0.614090 0.028320 0.048628
1 0.836914 0.639651 0.027344 0.049875
