1 0.477539 0.333333 0.011719 0.025253
1 0.375488 0.265152 0.008789 0.015152
1 0.379395 0.294823 0.012695 0.021465
1 0.414551 0.255051 0.008789 0.015152
1 0.448730 0.333965 0.012695 0.018939
1 0.471680 0.268308 0.007812 0.011364
1 0.443359 0.289141 0.009766 0.015152
1 0.566406 0.291667 0.009766 0.017677
1 0.533691 0.285985 0.006836 0.011364
1 0.591797 0.291667 0.007812 0.015152
1 0.514160 0.255051 0.008789 0.012626
1 0.880859 0.418561 0.007812 0.013889
1 0.572266 0.321970 0.009766 0.020202
1 0.606445 0.280934 0.011719 0.018939
1 0.567383 0.273359 0.007812 0.011364
1 0.569336 0.378157 0.013672 0.041667
