1 0.197266 0.693606 0.037109 0.032328
1 0.443848 0.689296 0.040039 0.035201
1 0.508301 0.682830 0.032227 0.030891
1 0.585449 0.584411 0.034180 0.032328
1 0.719238 0.706178 0.041992 0.038793
1 0.496582 0.589080 0.026367 0.030172
1 0.346680 0.614583 0.035156 0.032328
1 0.167969 0.693247 0.027344 0.030172
1 0.854004 0.608118 0.034180 0.033764
1 0.719238 0.567888 0.032227 0.032328
1 0.819824 0.542744 0.030273 0.030891
1 0.879883 0.606322 0.023438 0.031609
1 0.774902 0.688218 0.034180 0.031609
1 0.794922 0.534842 0.023438 0.029454
