1 0.484375 0.556535 0.007812 0.014684
1 0.378418 0.557269 0.004883 0.007342
1 0.109375 0.504405 0.007812 0.013216
1 0.461426 0.571953 0.004883 0.007342
1 0.172363 0.427313 0.030273 0.049927
1 0.250977 0.486784 0.017578 0.030837
1 0.215820 0.527900 0.009766 0.016153
1 0.297363 0.507342 0.012695 0.022026
1 0.722656 0.404552 0.039062 0.074890
1 0.635742 0.492658 0.023438 0.048458
1 0.547852 0.530837 0.015625 0.022026
1 0.976562 0.617474 0.021484 0.033774
1 0.884277 0.542584 0.016602 0.030837
1 0.946289 0.559471 0.013672 0.023495
1 0.899414 0.552863 0.011719 0.022026
1 0.064453 0.496329 0.011719 0.023495
1 0.039062 0.482379 0.013672 0.022026
1 0.583008 0.558003 0.009766 0.017621
1 0.509277 0.562408 0.008789 0.017621
1 0.569824 0.568282 0.006836 0.014684
1 0.361816 0.544053 0.008789 0.016153
1 0.327637 0.535977 0.012695 0.020558
