1 0.818359 0.539531 0.072266 0.139092
1 0.619629 0.522694 0.051758 0.076135
1 0.500488 0.433382 0.040039 0.073206
1 0.538574 0.401903 0.026367 0.045388
1 0.429199 0.426794 0.030273 0.051245
1 0.396973 0.500732 0.057617 0.096633
1 0.191406 0.576135 0.072266 0.083455
1 0.100098 0.446559 0.036133 0.058565
1 0.272949 0.433382 0.014648 0.029283
1 0.247070 0.406296 0.025391 0.030747
1 0.300781 0.338946 0.011719 0.027818
1 0.338867 0.367496 0.011719 0.020498
1 0.323242 0.368228 0.009766 0.019034
1 0.145996 0.287701 0.020508 0.027818
1 0.140625 0.366032 0.011719 0.026354
1 0.092285 0.398975 0.022461 0.048316
1 0.375977 0.397511 0.029297 0.048316
1 0.450684 0.384334 0.026367 0.048316
1 0.568359 0.373353 0.021484 0.035139
1 0.533691 0.344070 0.014648 0.029283
1 0.433105 0.340410 0.008789 0.021962
1 0.382324 0.263543 0.010742 0.026354
1 0.627441 0.357980 0.014648 0.024890
1 0.646484 0.329429 0.011719 0.026354
1 0.671387 0.313324 0.008789 0.020498
1 0.599121 0.376281 0.014648 0.029283
1 0.756836 0.464861 0.025391 0.045388
1 0.702148 0.434846 0.019531 0.049780
1 0.707031 0.394583 0.025391 0.054173
1 0.725098 0.385798 0.016602 0.036603
1 0.730469 0.348463 0.013672 0.026354
1 0.759766 0.344802 0.013672 0.021962
1 0.800781 0.349927 0.017578 0.026354
1 0.797363 0.318448 0.010742 0.021962
1 0.784668 0.308931 0.006836 0.014641
1 0.739258 0.318448 0.011719 0.021962
1 0.697754 0.322108 0.010742 0.020498
1 0.861328 0.371889 0.013672 0.029283
1 0.816406 0.427526 0.041016 0.079063
1 0.933105 0.353587 0.018555 0.039531
1 0.866699 0.316252 0.012695 0.026354
1 0.879883 0.311127 0.005859 0.013177
1 0.897461 0.252562 0.009766 0.016105
1 0.495605 0.374817 0.020508 0.038067
1 0.837402 0.342606 0.012695 0.032211
1 0.922852 0.327965 0.011719 0.029283
