1 0.924316 0.133431 0.065430 0.117302
1 0.776855 0.248534 0.049805 0.092375
1 0.635254 0.098240 0.049805 0.087977
1 0.560059 0.195748 0.043945 0.092375
1 0.099609 0.250000 0.068359 0.142229
1 0.319336 0.260264 0.056641 0.109971
1 0.499023 0.535191 0.054688 0.096774
1 0.463867 0.162757 0.037109 0.070381
1 0.785156 0.060850 0.056641 0.086510
1 0.285156 0.131965 0.046875 0.082111
1 0.604980 0.135630 0.038086 0.068915
1 0.196777 0.160557 0.036133 0.077713
1 0.119629 0.156891 0.043945 0.064516
1 0.237793 0.302786 0.036133 0.060117
1 0.709961 0.115836 0.042969 0.067449
1 0.587891 0.541789 0.044922 0.095308
1 0.730469 0.520528 0.056641 0.090909
