1 0.309082 0.267717 0.040039 0.062992
1 0.183594 0.229134 0.042969 0.086614
1 0.778320 0.203150 0.042969 0.037795
1 0.743164 0.415748 0.042969 0.053543
1 0.616211 0.452756 0.017578 0.036220
1 0.689453 0.498425 0.019531 0.039370
1 0.862793 0.500787 0.020508 0.047244
1 0.906250 0.497638 0.023438 0.047244
1 0.955078 0.520472 0.021484 0.045669
1 0.660645 0.451969 0.016602 0.037795
1 0.971191 0.400787 0.016602 0.036220
1 0.987793 0.479528 0.016602 0.036220
1 0.888184 0.438583 0.018555 0.036220
1 0.890137 0.325984 0.014648 0.031496
