1 0.130371 0.205995 0.059570 0.118622
1 0.182617 0.246811 0.048828 0.098214
1 0.339355 0.221301 0.057617 0.085459
1 0.510254 0.209184 0.071289 0.119898
1 0.859375 0.213648 0.052734 0.090561
1 0.647461 0.172832 0.046875 0.072704
1 0.118652 0.054209 0.028320 0.049745
1 0.019043 0.167730 0.036133 0.065051
1 0.195312 0.035077 0.027344 0.047194
1 0.261719 0.128827 0.029297 0.058673
1 0.406250 0.045281 0.031250 0.057398
1 0.445801 0.183036 0.030273 0.054847
1 0.724609 0.360332 0.054688 0.070153
1 0.725098 0.229592 0.022461 0.048469
1 0.765625 0.239158 0.025391 0.044643
1 0.547363 0.145408 0.022461 0.043367
1 0.647461 0.100765 0.027344 0.040816
1 0.827637 0.107143 0.016602 0.030612
1 0.926758 0.133291 0.031250 0.044643
1 0.957520 0.316327 0.038086 0.061224
1 0.976562 0.225128 0.021484 0.039541
1 0.610352 0.318240 0.033203 0.072704
1 0.932129 0.198980 0.022461 0.028061
1 0.804199 0.190689 0.022461 0.039541
1 0.383301 0.179209 0.030273 0.057398
1 0.688477 0.166454 0.025391 0.049745
1 0.884277 0.040816 0.018555 0.033163
1 0.877441 0.108418 0.018555 0.033163
