1 0.653320 0.203514 0.066406 0.120059
1 0.243652 0.409224 0.036133 0.071742
1 0.249023 0.622255 0.042969 0.084919
1 0.107422 0.631040 0.037109 0.067350
1 0.797852 0.625915 0.029297 0.074671
1 0.548340 0.434114 0.032227 0.068814
1 0.546387 0.642753 0.034180 0.070278
1 0.848145 0.442167 0.030273 0.061493
1 0.790039 0.437042 0.031250 0.080527
1 0.956543 0.414348 0.038086 0.081991
1 0.112793 0.368228 0.020508 0.036603
1 0.157715 0.374817 0.018555 0.032211
1 0.063965 0.487555 0.024414 0.038067
1 0.092773 0.477306 0.015625 0.038067
1 0.187012 0.442167 0.016602 0.040996
1 0.287598 0.438507 0.016602 0.033675
1 0.506348 0.336018 0.014648 0.033675
1 0.524902 0.315520 0.018555 0.033675
1 0.541504 0.382138 0.014648 0.029283
1 0.591309 0.382870 0.018555 0.045388
1 0.437988 0.257687 0.055664 0.125915
