1 0.124023 0.235984 0.015625 0.028683
1 0.214355 0.261408 0.018555 0.027379
1 0.306152 0.293351 0.014648 0.026076
1 0.329590 0.277053 0.012695 0.024772
1 0.408691 0.275750 0.014648 0.022164
1 0.386230 0.314863 0.012695 0.027379
1 0.462402 0.325945 0.012695 0.023468
1 0.458496 0.288136 0.012695 0.023468
1 0.479492 0.286180 0.013672 0.022164
1 0.731445 0.357236 0.013672 0.026076
1 0.716309 0.452412 0.014648 0.026076
1 0.608887 0.468057 0.020508 0.039113
1 0.618164 0.335072 0.013672 0.020860
1 0.547852 0.335724 0.011719 0.022164
1 0.578613 0.297262 0.012695 0.020860
1 0.500977 0.328553 0.011719 0.023468
1 0.677246 0.370274 0.010742 0.020860
1 0.591309 0.342894 0.010742 0.020860
1 0.510742 0.307040 0.011719 0.022164
