1 0.220215 0.509103 0.022461 0.037711
1 0.372559 0.599480 0.010742 0.018205
1 0.354004 0.596229 0.008789 0.016905
1 0.605469 0.623537 0.025391 0.045514
1 0.567871 0.585826 0.008789 0.019506
1 0.588867 0.594278 0.009766 0.018205
1 0.600098 0.578023 0.008789 0.016905
1 0.664551 0.579974 0.010742 0.018205
1 0.688477 0.576073 0.009766 0.020806
1 0.698242 0.593628 0.009766 0.019506
1 0.714355 0.581274 0.010742 0.018205
1 0.801270 0.587776 0.010742 0.018205
1 0.806641 0.605982 0.009766 0.018205
1 0.854492 0.592328 0.009766 0.019506
1 0.917480 0.596879 0.010742 0.020806
1 0.938477 0.578674 0.011719 0.020806
1 0.902344 0.591027 0.009766 0.019506
1 0.146973 0.535761 0.020508 0.031209
1 0.146484 0.637191 0.025391 0.046814
1 0.400879 0.555267 0.024414 0.039012
1 0.659668 0.616385 0.020508 0.054616
1 0.756836 0.576723 0.019531 0.035111
1 0.878418 0.582575 0.018555 0.026008
1 0.956055 0.583875 0.015625 0.028609
1 0.627930 0.552666 0.021484 0.026008
