1 0.214844 0.560761 0.021484 0.040996
1 0.169434 0.552709 0.016602 0.039531
1 0.148438 0.554905 0.015625 0.046852
1 0.499512 0.576135 0.008789 0.036603
1 0.401855 0.653734 0.020508 0.042460
1 0.650391 0.847731 0.015625 0.070278
1 0.006836 0.406296 0.009766 0.021962
1 0.003418 0.380673 0.006836 0.023426
1 0.034180 0.372621 0.007812 0.019034
1 0.049316 0.376281 0.008789 0.020498
1 0.069336 0.411420 0.011719 0.023426
1 0.032715 0.450952 0.012695 0.023426
1 0.067383 0.509517 0.011719 0.023426
1 0.100586 0.518302 0.009766 0.020498
1 0.088379 0.401171 0.010742 0.020498
1 0.072754 0.367496 0.006836 0.014641
1 0.126953 0.393851 0.009766 0.023426
1 0.154297 0.388726 0.009766 0.019034
1 0.167969 0.382870 0.007812 0.019034
1 0.382812 0.540996 0.013672 0.033675
1 0.667969 0.521230 0.011719 0.026354
1 0.617676 0.532211 0.014648 0.024890
1 0.539062 0.472182 0.009766 0.021962
1 0.595703 0.468521 0.009766 0.023426
1 0.576172 0.454612 0.013672 0.030747
1 0.177734 0.491215 0.007812 0.021962
1 0.187988 0.510249 0.008789 0.021962
1 0.170898 0.521230 0.009766 0.023426
1 0.209473 0.519766 0.010742 0.020498
1 0.225586 0.501464 0.013672 0.027818
1 0.242188 0.502196 0.007812 0.017570
1 0.189453 0.404832 0.009766 0.021962
1 0.206055 0.390190 0.009766 0.019034
1 0.225586 0.397511 0.007812 0.016105
1 0.249023 0.381406 0.007812 0.019034
1 0.251953 0.412152 0.009766 0.021962
1 0.260742 0.396779 0.009766 0.017570
1 0.292969 0.392387 0.009766 0.023426
1 0.324707 0.418009 0.008789 0.019034
1 0.335449 0.393119 0.008789 0.019034
1 0.347656 0.400439 0.007812 0.019034
1 0.569824 0.402635 0.010742 0.020498
1 0.702148 0.405564 0.007812 0.020498
1 0.723633 0.409224 0.007812 0.016105
1 0.734375 0.419473 0.007812 0.016105
1 0.743164 0.398975 0.007812 0.019034
1 0.749023 0.412152 0.009766 0.016105
1 0.731934 0.468521 0.008789 0.017570
1 0.752930 0.478038 0.011719 0.021962
1 0.780273 0.469985 0.009766 0.017570
1 0.795410 0.477306 0.012695 0.020498
1 0.789551 0.419473 0.010742 0.021962
1 0.819336 0.549780 0.015625 0.033675
1 0.827637 0.469985 0.010742 0.023426
1 0.843262 0.415081 0.010742 0.021962
1 0.877930 0.415081 0.009766 0.021962
1 0.867188 0.475110 0.009766 0.021962
1 0.903320 0.464861 0.011719 0.021962
1 0.918457 0.545388 0.010742 0.019034
1 0.928223 0.566618 0.008789 0.017570
1 0.928711 0.470717 0.009766 0.016105
1 0.924805 0.450220 0.009766 0.019034
1 0.943848 0.464861 0.010742 0.019034
1 0.943359 0.491215 0.009766 0.019034
1 0.922363 0.412884 0.008789 0.017570
1 0.966797 0.396047 0.009766 0.019034
1 0.971191 0.472914 0.008789 0.020498
1 0.967773 0.528551 0.011719 0.026354
