1 0.668945 0.264757 0.041016 0.105903
1 0.053223 0.920139 0.030273 0.065972
1 0.294922 0.933160 0.027344 0.060764
1 0.336914 0.920139 0.025391 0.065972
1 0.661133 0.929688 0.039062 0.085069
1 0.720215 0.967882 0.030273 0.057292
1 0.632812 0.949653 0.033203 0.065972
1 0.934082 0.928819 0.034180 0.076389
1 0.689941 0.795139 0.022461 0.052083
1 0.234375 0.815972 0.021484 0.048611
1 0.179199 0.904514 0.022461 0.048611
1 0.586426 0.853299 0.020508 0.046875
1 0.052246 0.698785 0.018555 0.053819
1 0.430176 0.756944 0.022461 0.062500
1 0.493652 0.662326 0.055664 0.071181
1 0.987305 0.967882 0.025391 0.064236
