1 0.088379 0.366935 0.034180 0.064516
1 0.152832 0.504032 0.041992 0.077957
1 0.220703 0.416667 0.029297 0.061828
1 0.240723 0.309812 0.036133 0.063172
1 0.345703 0.377688 0.029297 0.051075
1 0.305176 0.517473 0.038086 0.067204
1 0.482910 0.409274 0.032227 0.060484
1 0.563965 0.358871 0.032227 0.067204
1 0.553711 0.485215 0.033203 0.059140
1 0.636230 0.401882 0.028320 0.061828
1 0.702637 0.354167 0.032227 0.063172
1 0.819336 0.334005 0.031250 0.060484
1 0.892090 0.370968 0.038086 0.061828
1 0.780273 0.487231 0.031250 0.065860
