1 0.515625 0.338629 0.056641 0.075251
1 0.084961 0.214883 0.033203 0.071906
1 0.254883 0.188127 0.025391 0.041806
1 0.206055 0.178094 0.013672 0.031773
1 0.379395 0.251672 0.038086 0.075251
1 0.398926 0.208194 0.018555 0.041806
1 0.622559 0.182274 0.018555 0.043478
1 0.719238 0.202341 0.024414 0.060201
1 0.795898 0.243311 0.037109 0.075251
1 0.913574 0.220736 0.026367 0.060201
1 0.133301 0.177258 0.016602 0.040134
1 0.466797 0.173913 0.009766 0.023411
1 0.671875 0.179766 0.013672 0.031773
1 0.950684 0.183946 0.014648 0.036789
1 0.875488 0.172241 0.012695 0.023411
