1 0.076172 0.326246 0.029297 0.057185
1 0.627441 0.137097 0.016602 0.024927
1 0.885742 0.318915 0.021484 0.048387
1 0.914062 0.280059 0.015625 0.041056
1 0.937988 0.253666 0.018555 0.041056
1 0.985840 0.244135 0.016602 0.036657
1 0.962402 0.282991 0.028320 0.055718
1 0.926758 0.227273 0.023438 0.038123
1 0.986816 0.174487 0.018555 0.035191
1 0.959961 0.136364 0.015625 0.032258
1 0.903809 0.153226 0.014648 0.030792
1 0.885254 0.103372 0.014648 0.027859
1 0.116699 0.262463 0.032227 0.070381
1 0.398438 0.287390 0.035156 0.067449
1 0.479004 0.253666 0.034180 0.076246
1 0.845703 0.285191 0.035156 0.077713
1 0.802734 0.357038 0.035156 0.077713
1 0.440430 0.284457 0.017578 0.041056
1 0.528320 0.278592 0.017578 0.038123
1 0.554688 0.282258 0.017578 0.039589
1 0.570801 0.335777 0.020508 0.041056
1 0.579590 0.254399 0.016602 0.036657
1 0.599609 0.285924 0.017578 0.038123
1 0.634277 0.304985 0.022461 0.049853
1 0.629883 0.269062 0.019531 0.036657
1 0.645996 0.161290 0.014648 0.029326
1 0.658691 0.338710 0.022461 0.043988
1 0.699707 0.319648 0.016602 0.046921
1 0.685059 0.281525 0.020508 0.041056
1 0.686035 0.242669 0.014648 0.036657
1 0.700195 0.243402 0.017578 0.041056
1 0.764648 0.230938 0.019531 0.039589
1 0.706543 0.173754 0.014648 0.030792
1 0.749512 0.351173 0.022461 0.051320
1 0.752441 0.164956 0.016602 0.033724
1 0.757324 0.136364 0.016602 0.035191
1 0.805664 0.132698 0.019531 0.039589
1 0.841797 0.133431 0.015625 0.032258
1 0.855957 0.169355 0.014648 0.027859
1 0.883301 0.254399 0.018555 0.039589
1 0.581055 0.167155 0.017578 0.035191
