1 0.296875 0.210835 0.023438 0.043924
1 0.522461 0.376281 0.033203 0.079063
1 0.720703 0.250366 0.025391 0.064422
1 0.344727 0.382138 0.068359 0.137628
1 0.497070 0.548316 0.083984 0.142020
1 0.797363 0.369693 0.065430 0.144949
1 0.293457 0.489751 0.041992 0.180088
1 0.358398 0.252562 0.052734 0.095168
1 0.663086 0.437775 0.062500 0.131772
1 0.623047 0.240117 0.031250 0.064422
1 0.444824 0.276720 0.041992 0.064422
1 0.463379 0.251830 0.040039 0.076135
1 0.390137 0.210102 0.026367 0.057101
1 0.874023 0.355783 0.044922 0.114202
1 0.939941 0.367496 0.030273 0.067350
1 0.489746 0.376281 0.047852 0.117130
1 0.389160 0.367496 0.045898 0.122987
1 0.503906 0.249634 0.023438 0.060029
1 0.497070 0.182284 0.023438 0.039531
