1 0.558105 0.410633 0.022461 0.018854
1 0.614258 0.402338 0.023438 0.023379
1 0.690918 0.411011 0.030273 0.030166
1 0.734375 0.415535 0.007812 0.009050
1 0.872070 0.068250 0.021484 0.023379
1 0.892578 0.033560 0.019531 0.018854
1 0.305176 0.056938 0.008789 0.008296
1 0.402344 0.059578 0.011719 0.010558
1 0.372559 0.060709 0.010742 0.009804
1 0.328613 0.061086 0.008789 0.007541
1 0.084473 0.187029 0.018555 0.013575
1 0.133789 0.182881 0.017578 0.015837
1 0.022949 0.182881 0.006836 0.011312
1 0.173828 0.194570 0.005859 0.007541
1 0.202148 0.193062 0.003906 0.004525
1 0.047852 0.190045 0.007812 0.007541
1 0.116211 0.562217 0.035156 0.041478
1 0.187500 0.598416 0.011719 0.012821
1 0.214844 0.597662 0.007812 0.009804
1 0.024414 0.614630 0.007812 0.009050
1 0.665527 0.570136 0.030273 0.036199
1 0.791016 0.588235 0.023438 0.022624
1 0.895996 0.579186 0.026367 0.025641
1 0.873535 0.581825 0.014648 0.017345
1 0.739746 0.588989 0.010742 0.013575
1 0.073730 0.065234 0.014648 0.014329
1 0.106934 0.058446 0.014648 0.014329
1 0.158691 0.069759 0.012695 0.012821
1 0.215820 0.077677 0.011719 0.010558
1 0.074219 0.347285 0.025391 0.026395
1 0.133301 0.356335 0.020508 0.024887
1 0.312012 0.372172 0.014648 0.015837
1 0.286621 0.346154 0.006836 0.007541
1 0.298828 0.351433 0.005859 0.006033
1 0.369141 0.349548 0.009766 0.008296
1 0.340332 0.373680 0.012695 0.011312
1 0.425293 0.372172 0.010742 0.014329
1 0.831543 0.492081 0.020508 0.020362
1 0.830566 0.463047 0.014648 0.012066
1 0.952637 0.493967 0.024414 0.027149
1 0.769043 0.483409 0.012695 0.025641
1 0.396973 0.715686 0.012695 0.018100
1 0.421387 0.710784 0.012695 0.014329
1 0.462402 0.713047 0.012695 0.015837
1 0.250488 0.718703 0.004883 0.004525
1 0.035156 0.917798 0.015625 0.018100
1 0.160156 0.903092 0.009766 0.009804
1 0.138184 0.892534 0.004883 0.005279
1 0.322754 0.877451 0.020508 0.018854
1 0.361816 0.890271 0.018555 0.018854
1 0.413574 0.890649 0.012695 0.012066
1 0.476074 0.884615 0.012695 0.012066
1 0.440918 0.894419 0.008789 0.012066
1 0.467285 0.891403 0.006836 0.007541
1 0.727051 0.812971 0.040039 0.036199
1 0.632812 0.838235 0.029297 0.026395
1 0.660645 0.833333 0.014648 0.015083
1 0.801758 0.830317 0.039062 0.037707
1 0.770020 0.838989 0.014648 0.018854
1 0.906250 0.832579 0.005859 0.012066
1 0.915527 0.837481 0.008789 0.011312
1 0.229004 0.234917 0.010742 0.009804
1 0.258301 0.233786 0.006836 0.009050
1 0.243652 0.228884 0.006836 0.008296
1 0.383789 0.239819 0.011719 0.010558
1 0.403809 0.234540 0.010742 0.010558
1 0.462402 0.252262 0.016602 0.015837
1 0.345703 0.236048 0.007812 0.009050
1 0.275391 0.226244 0.005859 0.007541
1 0.477539 0.248115 0.011719 0.013575
1 0.481934 0.230769 0.008789 0.009050
1 0.493164 0.229638 0.005859 0.006787
1 0.614746 0.595023 0.022461 0.025641
1 0.309082 0.511689 0.008789 0.012821
1 0.360352 0.510558 0.015625 0.015083
1 0.272949 0.510935 0.006836 0.008296
1 0.239746 0.510935 0.006836 0.008296
1 0.430176 0.520362 0.006836 0.007541
1 0.403809 0.521870 0.006836 0.007541
1 0.052734 0.892911 0.003906 0.006033
1 0.330078 0.720588 0.003906 0.005279
1 0.540527 0.713047 0.008789 0.009804
1 0.583984 0.291855 0.003906 0.004525
1 0.545410 0.283560 0.002930 0.007541
1 0.891113 0.267722 0.002930 0.004525
1 0.741211 0.288839 0.003906 0.006033
1 0.762695 0.288839 0.003906 0.007541
1 0.783691 0.285068 0.002930 0.006033
1 0.626465 0.294872 0.002930 0.003017
1 0.631836 0.310332 0.005859 0.005279
1 0.693359 0.206259 0.003906 0.003771
1 0.821289 0.250377 0.003906 0.004525
1 0.525391 0.307315 0.003906 0.005279
1 0.616699 0.297511 0.002930 0.003771
1 0.651855 0.294495 0.004883 0.005279
1 0.644531 0.312217 0.005859 0.004525
1 0.187988 0.365008 0.006836 0.006033
1 0.013672 0.599925 0.007812 0.009804
1 0.582520 0.849548 0.012695 0.011312
