1 0.160156 0.614099 0.017578 0.068314
1 0.820312 0.343750 0.015625 0.033430
1 0.805664 0.335029 0.013672 0.030523
1 0.761719 0.330669 0.017578 0.033430
1 0.709473 0.353924 0.016602 0.039244
1 0.736816 0.335756 0.012695 0.026163
1 0.677246 0.371366 0.016602 0.033430
1 0.631348 0.376453 0.016602 0.034884
1 0.588379 0.380814 0.016602 0.034884
1 0.662109 0.305959 0.011719 0.024709
1 0.679688 0.314680 0.009766 0.021802
1 0.569336 0.368459 0.015625 0.030523
1 0.083496 0.430959 0.014648 0.027616
1 0.070801 0.320494 0.014648 0.024709
1 0.090820 0.297238 0.011719 0.024709
1 0.101562 0.335029 0.011719 0.024709
1 0.264648 0.340116 0.009766 0.023256
1 0.282715 0.323401 0.010742 0.024709
1 0.298340 0.349564 0.014648 0.033430
1 0.320801 0.380814 0.016602 0.043605
1 0.372070 0.370640 0.015625 0.037791
1 0.400879 0.372820 0.018555 0.036337
1 0.461426 0.343750 0.016602 0.042151
1 0.526367 0.380814 0.015625 0.031977
1 0.284180 0.403343 0.021484 0.039244
1 0.237305 0.361919 0.013672 0.034884
1 0.202637 0.377907 0.020508 0.037791
1 0.174316 0.348837 0.020508 0.029070
1 0.314941 0.319767 0.010742 0.020349
1 0.338867 0.340116 0.011719 0.023256
1 0.365234 0.312500 0.009766 0.023256
1 0.391602 0.327762 0.011719 0.027616
1 0.551758 0.338663 0.011719 0.023256
1 0.520996 0.318314 0.012695 0.023256
1 0.486328 0.332122 0.009766 0.018895
1 0.431152 0.345930 0.016602 0.031977
1 0.452148 0.349564 0.015625 0.033430
1 0.328613 0.358285 0.014648 0.033430
1 0.278320 0.303779 0.011719 0.026163
1 0.424805 0.312500 0.007812 0.026163
1 0.581543 0.319767 0.008789 0.023256
1 0.563965 0.327762 0.006836 0.024709
1 0.614258 0.337936 0.011719 0.030523
