1 0.470215 0.340261 0.020508 0.041568
1 0.952148 0.372328 0.017578 0.048694
1 0.954102 0.534442 0.025391 0.059382
1 0.701660 0.676960 0.008789 0.016627
1 0.718750 0.662708 0.009766 0.014252
1 0.850586 0.684086 0.009766 0.011876
1 0.270996 0.771971 0.012695 0.021378
1 0.538574 0.858076 0.010742 0.015439
1 0.541504 0.811164 0.010742 0.019002
1 0.428711 0.633610 0.013672 0.022565
1 0.467773 0.666865 0.007812 0.013064
1 0.780273 0.672803 0.009766 0.017815
1 0.986328 0.448337 0.027344 0.077197
1 0.986328 0.358670 0.027344 0.059382
1 0.250000 0.634798 0.007812 0.017815
1 0.307617 0.641330 0.009766 0.019002
1 0.812012 0.408551 0.034180 0.047506
1 0.827148 0.641330 0.009766 0.014252
1 0.865234 0.688242 0.007812 0.008314
1 0.872070 0.686461 0.005859 0.009501
1 0.825684 0.688242 0.012695 0.015439
1 0.039062 0.525534 0.003906 0.008314
1 0.044434 0.526128 0.002930 0.007126
1 0.034180 0.521378 0.003906 0.007126
