1 0.713379 0.064086 0.026367 0.046954
1 0.928711 0.039975 0.029297 0.039340
1 0.611328 0.109772 0.019531 0.031726
1 0.926270 0.157360 0.016602 0.027919
1 0.882812 0.600888 0.015625 0.041878
1 0.621094 0.575508 0.015625 0.031726
1 0.118164 0.026015 0.033203 0.036802
1 0.091309 0.246193 0.016602 0.025381
1 0.473633 0.056472 0.033203 0.049492
1 0.366211 0.038706 0.013672 0.021574
1 0.474609 0.158629 0.017578 0.027919
1 0.486816 0.287437 0.028320 0.082487
1 0.566406 0.229695 0.017578 0.027919
1 0.122070 0.524746 0.027344 0.036802
1 0.373535 0.538071 0.014648 0.022843
1 0.478516 0.551396 0.031250 0.057107
1 0.480957 0.654188 0.020508 0.029188
1 0.491211 0.782360 0.019531 0.069797
1 0.585938 0.017132 0.031250 0.031726
1 0.094238 0.615482 0.018555 0.030457
1 0.152832 0.631980 0.014648 0.030457
