1 0.488281 0.507737 0.271484 0.756286
1 0.165039 0.303675 0.042969 0.096712
1 0.089844 0.285300 0.023438 0.063830
1 0.035645 0.211799 0.026367 0.063830
1 0.063965 0.171180 0.018555 0.052224
1 0.237305 0.183752 0.035156 0.073501
1 0.012695 0.228240 0.013672 0.065764
1 0.155273 0.067698 0.017578 0.042553
1 0.687012 0.201161 0.165039 0.375242
1 0.886230 0.368472 0.016602 0.036750
1 0.900879 0.429400 0.022461 0.046422
1 0.938965 0.445841 0.034180 0.071567
1 0.936035 0.268859 0.016602 0.046422
1 0.977051 0.279497 0.016602 0.036750
1 0.771973 0.343327 0.016602 0.029014
