0 0.876368 0.850260 0.124726 0.205729
0 0.307440 0.195312 0.133479 0.192708
0 0.684902 0.217448 0.118162 0.184896
0 0.509847 0.505208 0.118162 0.192708
0 0.128009 0.841146 0.129103 0.197917
0 0.326039 0.837240 0.113786 0.205729
0 0.519694 0.196615 0.124726 0.205729
0 0.877462 0.516927 0.131291 0.210938
0 0.108315 0.190104 0.133479 0.203125
0 0.306346 0.513021 0.131291 0.234375
0 0.501094 0.822917 0.135667 0.192708
0 0.693654 0.829427 0.135667 0.247396
0 0.690372 0.515625 0.115974 0.203125
0 0.858862 0.190104 0.085339 0.161458
0 0.119256 0.496094 0.129103 0.242188
