1 0.282715 0.229818 0.036133 0.069010
1 0.367676 0.235026 0.040039 0.069010
1 0.293945 0.358724 0.046875 0.076823
1 0.295898 0.470703 0.044922 0.082031
1 0.406250 0.468099 0.039062 0.061198
1 0.530273 0.551432 0.042969 0.076823
1 0.599609 0.555990 0.041016 0.070312
1 0.479004 0.175130 0.038086 0.066406
1 0.543457 0.212891 0.038086 0.069010
1 0.602051 0.181641 0.036133 0.063802
1 0.698730 0.466146 0.036133 0.062500
1 0.771973 0.441406 0.034180 0.059896
1 0.845215 0.453776 0.038086 0.066406
1 0.727051 0.638672 0.049805 0.095052
1 0.686035 0.179688 0.034180 0.062500
1 0.795410 0.208333 0.034180 0.065104
1 0.035645 0.268229 0.006836 0.013021
