1 0.041992 0.292969 0.031250 0.052083
1 0.167480 0.291016 0.032227 0.055990
1 0.047363 0.374349 0.040039 0.061198
1 0.116211 0.443359 0.035156 0.069010
1 0.204590 0.311198 0.028320 0.046875
1 0.205566 0.438802 0.051758 0.085938
1 0.256836 0.371094 0.031250 0.052083
1 0.263184 0.457031 0.047852 0.065104
1 0.305176 0.507812 0.043945 0.067708
1 0.334473 0.408203 0.030273 0.053385
1 0.373047 0.401042 0.046875 0.075521
1 0.417969 0.299479 0.031250 0.044271
1 0.440430 0.393880 0.052734 0.102865
1 0.458008 0.490885 0.050781 0.096354
1 0.529785 0.432943 0.040039 0.055990
1 0.559570 0.446615 0.039062 0.044271
1 0.586426 0.410807 0.041992 0.061198
1 0.622070 0.496094 0.042969 0.057292
1 0.643066 0.417318 0.038086 0.063802
1 0.698242 0.431641 0.035156 0.053385
1 0.724121 0.486979 0.036133 0.067708
1 0.763184 0.470052 0.032227 0.057292
1 0.824707 0.406901 0.040039 0.069010
1 0.849609 0.412760 0.029297 0.062500
1 0.895996 0.391927 0.036133 0.057292
1 0.890137 0.444010 0.036133 0.057292
1 0.809082 0.501953 0.041992 0.069010
1 0.888672 0.515625 0.042969 0.067708
1 0.928711 0.430339 0.023438 0.042969
1 0.949219 0.510417 0.037109 0.057292
