1 0.091309 0.389381 0.032227 0.061947
1 0.171875 0.358407 0.025391 0.050147
1 0.235352 0.339233 0.023438 0.053097
1 0.273438 0.374631 0.023438 0.050147
1 0.342773 0.356195 0.023438 0.045723
1 0.411133 0.349558 0.021484 0.035398
1 0.441406 0.359145 0.021484 0.045723
1 0.509277 0.352507 0.022461 0.038348
1 0.562500 0.357670 0.019531 0.048673
1 0.590332 0.359145 0.022461 0.057522
1 0.623047 0.351032 0.021484 0.050147
1 0.197754 0.536136 0.028320 0.054572
1 0.659180 0.374631 0.023438 0.050147
1 0.593750 0.506637 0.025391 0.054572
1 0.498047 0.490413 0.027344 0.063422
1 0.411133 0.510324 0.027344 0.056047
1 0.295898 0.498525 0.029297 0.056047
1 0.676758 0.345133 0.021484 0.035398
1 0.701660 0.372419 0.022461 0.045723
1 0.731445 0.371681 0.023438 0.053097
1 0.765625 0.353982 0.021484 0.044248
1 0.802246 0.371681 0.024414 0.058997
1 0.863770 0.373156 0.024414 0.050147
1 0.879883 0.520649 0.027344 0.067847
1 0.806641 0.545723 0.027344 0.053097
1 0.692383 0.507375 0.027344 0.053097
