1 0.097656 0.400126 0.035156 0.051833
1 0.137695 0.383692 0.025391 0.039191
1 0.194336 0.408976 0.025391 0.039191
1 0.211914 0.386220 0.019531 0.034134
1 0.251465 0.407080 0.024414 0.032870
1 0.273926 0.401391 0.020508 0.034134
1 0.309570 0.376106 0.019531 0.034134
1 0.316895 0.422250 0.022461 0.040455
1 0.354980 0.387484 0.022461 0.036662
1 0.405762 0.399494 0.022461 0.040455
1 0.415527 0.378003 0.018555 0.030341
1 0.443848 0.403287 0.018555 0.030341
1 0.485352 0.402023 0.017578 0.030341
1 0.522949 0.389381 0.018555 0.027813
1 0.525879 0.426043 0.018555 0.032870
1 0.551758 0.413401 0.017578 0.032870
1 0.555176 0.496207 0.020508 0.034134
1 0.479004 0.493679 0.022461 0.036662
1 0.400879 0.505057 0.022461 0.036662
1 0.302246 0.490518 0.022461 0.037927
1 0.314941 0.543616 0.018555 0.027813
1 0.215820 0.487358 0.025391 0.044248
1 0.104004 0.523388 0.026367 0.042984
1 0.927246 0.519595 0.022461 0.040455
1 0.873047 0.412769 0.023438 0.036662
1 0.851562 0.390645 0.019531 0.032870
1 0.786133 0.409608 0.019531 0.030341
1 0.809082 0.424779 0.022461 0.035398
1 0.824707 0.508217 0.022461 0.040455
1 0.711914 0.384324 0.019531 0.032870
1 0.753418 0.439317 0.018555 0.026549
1 0.713867 0.424779 0.019531 0.032870
1 0.752441 0.509482 0.022461 0.030341
1 0.671875 0.514539 0.019531 0.030341
1 0.666992 0.433628 0.019531 0.037927
1 0.670898 0.403287 0.017578 0.027813
1 0.645508 0.409608 0.015625 0.032870
1 0.627930 0.396334 0.017578 0.031606
1 0.610352 0.419090 0.015625 0.029077
1 0.576172 0.401391 0.019531 0.026549
1 0.603516 0.501896 0.019531 0.032870
