1 0.084473 0.344492 0.018555 0.066955
1 0.121094 0.296976 0.023438 0.075594
1 0.177246 0.304536 0.026367 0.077754
1 0.238281 0.304536 0.017578 0.077754
1 0.252930 0.322894 0.021484 0.071274
1 0.302246 0.271058 0.014648 0.066955
1 0.337402 0.284017 0.022461 0.062635
1 0.417969 0.312095 0.019531 0.071274
1 0.452637 0.292657 0.028320 0.075594
1 0.500977 0.192225 0.011719 0.082073
1 0.547363 0.205184 0.016602 0.069114
1 0.645996 0.225702 0.016602 0.071274
1 0.719238 0.259179 0.026367 0.090713
1 0.833496 0.315335 0.028320 0.077754
1 0.764648 0.268898 0.023438 0.092873
1 0.912109 0.221382 0.031250 0.088553
1 0.922363 0.142549 0.032227 0.082073
1 0.338867 0.896328 0.017578 0.051836
