1 0.211426 0.370425 0.061523 0.140556
1 0.450195 0.240849 0.062500 0.144949
1 0.578125 0.369693 0.074219 0.162518
1 0.725586 0.174231 0.039062 0.067350
1 0.747070 0.093704 0.033203 0.064422
1 0.769531 0.116398 0.029297 0.062958
1 0.817383 0.041728 0.029297 0.042460
1 0.512207 0.117130 0.034180 0.067350
1 0.439941 0.089312 0.036133 0.084919
1 0.298340 0.122987 0.034180 0.067350
1 0.208984 0.164714 0.041016 0.071742
1 0.315430 0.051977 0.029297 0.065886
1 0.956543 0.099561 0.034180 0.064422
1 0.330566 0.028551 0.022461 0.045388
