1 0.053711 0.836887 0.021484 0.066098
1 0.315430 0.747335 0.019531 0.061834
1 0.323242 0.941365 0.017578 0.066098
1 0.378906 0.850746 0.017578 0.046908
1 0.265137 0.876333 0.012695 0.055437
1 0.349121 0.214286 0.008789 0.031983
1 0.390625 0.206823 0.007812 0.021322
1 0.412109 0.210021 0.007812 0.027719
1 0.418945 0.293177 0.009766 0.036247
1 0.472168 0.372068 0.010742 0.027719
1 0.509277 0.219616 0.010742 0.029851
1 0.530762 0.292111 0.012695 0.038380
1 0.566895 0.391258 0.012695 0.044776
1 0.329590 0.422175 0.012695 0.038380
1 0.295410 0.461620 0.014648 0.044776
1 0.262695 0.446695 0.007812 0.031983
1 0.475098 0.666311 0.018555 0.057569
1 0.515625 0.658849 0.017578 0.055437
1 0.667480 0.238806 0.008789 0.034115
1 0.614258 0.363539 0.009766 0.036247
1 0.745605 0.393390 0.010742 0.036247
1 0.775391 0.293177 0.009766 0.031983
1 0.910645 0.136461 0.012695 0.034115
1 0.940918 0.124733 0.010742 0.040512
1 0.862793 0.573561 0.014648 0.042644
1 0.950684 0.837953 0.020508 0.063966
1 0.812012 0.738806 0.014648 0.057569
1 0.655762 0.768657 0.018555 0.061834
1 0.712402 0.479744 0.010742 0.042644
1 0.958008 0.421109 0.007812 0.027719
1 0.992188 0.743070 0.015625 0.053305
1 0.034180 0.374200 0.013672 0.044776
1 0.062012 0.333689 0.012695 0.036247
1 0.085938 0.300640 0.015625 0.034115
1 0.198242 0.205757 0.007812 0.031983
1 0.169434 0.399787 0.012695 0.036247
1 0.104004 0.543710 0.012695 0.046908
1 0.052734 0.666311 0.013672 0.040512
1 0.601562 0.781450 0.009766 0.044776
1 0.788574 0.383795 0.010742 0.034115
1 0.316406 0.202559 0.005859 0.029851
1 0.539551 0.244136 0.006836 0.027719
1 0.844238 0.217484 0.008789 0.029851
1 0.822754 0.468017 0.012695 0.036247
1 0.838379 0.447761 0.008789 0.034115
1 0.717285 0.262260 0.014648 0.029851
1 0.639160 0.259062 0.012695 0.027719
1 0.639648 0.302772 0.011719 0.034115
1 0.297363 0.803838 0.020508 0.038380
