1 0.270508 0.035786 0.037109 0.031438
1 0.240723 0.084615 0.049805 0.044816
1 0.166016 0.161873 0.074219 0.070903
1 0.505371 0.092308 0.114258 0.103010
1 0.702637 0.085619 0.106445 0.097659
1 0.510254 0.379264 0.090820 0.073579
1 0.622070 0.391304 0.060547 0.065552
1 0.251953 0.503344 0.039062 0.071572
1 0.401367 0.754849 0.044922 0.040803
1 0.163574 0.808361 0.028320 0.027425
1 0.188477 0.798328 0.019531 0.019398
1 0.246094 0.781605 0.025391 0.023411
1 0.668457 0.793980 0.028320 0.034783
1 0.829102 0.772575 0.033203 0.041472
1 0.917480 0.796990 0.055664 0.039465
1 0.855469 0.186288 0.083984 0.079599
1 0.974121 0.129431 0.049805 0.074247
1 0.300293 0.604013 0.067383 0.052174
1 0.418945 0.578261 0.060547 0.055518
1 0.737793 0.796990 0.030273 0.036789
1 0.712891 0.827425 0.035156 0.032107
1 0.055664 0.804682 0.029297 0.028094
1 0.117676 0.832441 0.022461 0.035452
1 0.442871 0.034114 0.069336 0.061538
1 0.536621 0.785953 0.030273 0.028094
1 0.490723 0.783946 0.038086 0.033445
1 0.984375 0.790970 0.031250 0.027425
