1 0.062012 0.289831 0.008789 0.071186
1 0.098633 0.227119 0.019531 0.074576
1 0.178711 0.261017 0.011719 0.067797
1 0.249023 0.201695 0.015625 0.084746
1 0.310059 0.174576 0.014648 0.071186
1 0.373047 0.177966 0.015625 0.084746
1 0.430664 0.216949 0.011719 0.067797
1 0.486816 0.222034 0.016602 0.077966
1 0.547852 0.262712 0.013672 0.064407
1 0.606934 0.235593 0.014648 0.064407
1 0.680664 0.225424 0.011719 0.071186
1 0.773926 0.201695 0.016602 0.077966
1 0.415527 0.267797 0.010742 0.074576
1 0.819824 0.313559 0.012695 0.077966
