1 0.438477 0.162921 0.113281 0.151685
1 0.939453 0.414794 0.089844 0.067416
1 0.893555 0.275281 0.060547 0.065543
1 0.986816 0.281835 0.026367 0.031835
1 0.831055 0.340356 0.019531 0.023408
1 0.804199 0.299157 0.026367 0.029026
1 0.868164 0.311798 0.023438 0.035581
1 0.751465 0.313670 0.022461 0.026217
1 0.707520 0.373596 0.018555 0.022472
1 0.692383 0.325375 0.021484 0.027154
1 0.675781 0.303839 0.021484 0.023408
1 0.728027 0.319288 0.016602 0.020599
1 0.708008 0.317416 0.017578 0.022472
1 0.823242 0.293071 0.017578 0.022472
