1 0.415039 0.888672 0.011719 0.040365
1 0.036133 0.585938 0.005859 0.020833
1 0.709473 0.497396 0.004883 0.013021
1 0.700195 0.488932 0.007812 0.016927
1 0.658203 0.487630 0.007812 0.014323
1 0.626953 0.488281 0.005859 0.015625
1 0.573730 0.485026 0.006836 0.014323
1 0.497559 0.483724 0.006836 0.011719
1 0.452148 0.477865 0.007812 0.013021
1 0.409668 0.460286 0.006836 0.014323
1 0.365234 0.466797 0.007812 0.011719
1 0.287598 0.456380 0.006836 0.011719
1 0.336426 0.465495 0.006836 0.014323
1 0.259277 0.451172 0.006836 0.014323
1 0.422852 0.485677 0.005859 0.015625
