1 0.725586 0.197942 0.111328 0.163438
1 0.574707 0.332930 0.030273 0.041162
1 0.428223 0.303269 0.090820 0.153753
1 0.129883 0.464891 0.062500 0.099274
1 0.210449 0.412228 0.038086 0.054479
1 0.064941 0.385593 0.043945 0.054479
1 0.134277 0.315981 0.024414 0.038741
1 0.025391 0.300242 0.029297 0.041162
1 0.201172 0.311743 0.023438 0.042373
1 0.259277 0.275424 0.018555 0.027845
1 0.163574 0.299637 0.020508 0.032688
1 0.175781 0.239709 0.019531 0.026634
1 0.261719 0.233656 0.019531 0.026634
1 0.520996 0.311138 0.026367 0.046005
1 0.518555 0.228208 0.019531 0.030266
1 0.604492 0.263923 0.025391 0.038741
1 0.584473 0.141041 0.022461 0.037530
