1 0.407715 0.345754 0.073242 0.140381
1 0.305176 0.264298 0.024414 0.053726
1 0.454102 0.164645 0.029297 0.065858
1 0.443359 0.082322 0.025391 0.053726
1 0.481445 0.067591 0.011719 0.041594
1 0.375000 0.071924 0.021484 0.053726
1 0.274414 0.060659 0.023438 0.051993
1 0.289551 0.084055 0.012695 0.032929
1 0.243164 0.090988 0.013672 0.043328
1 0.239746 0.049393 0.014648 0.039861
1 0.192871 0.047660 0.020508 0.046794
1 0.122070 0.047660 0.021484 0.043328
1 0.096680 0.051127 0.017578 0.046794
1 0.082520 0.055459 0.022461 0.045061
1 0.007324 0.035529 0.014648 0.053726
1 0.171875 0.060659 0.011719 0.031196
