1 0.727051 0.652344 0.063477 0.093750
1 0.759766 0.870443 0.031250 0.113281
1 0.023926 0.595052 0.036133 0.057292
1 0.226562 0.469401 0.015625 0.029948
1 0.259766 0.419922 0.013672 0.024740
1 0.262207 0.453776 0.012695 0.024740
1 0.341797 0.516927 0.023438 0.033854
1 0.315918 0.462891 0.014648 0.024740
1 0.392090 0.438802 0.012695 0.026042
1 0.418945 0.477865 0.015625 0.031250
1 0.670898 0.499349 0.031250 0.050781
1 0.644531 0.538411 0.025391 0.048177
1 0.725586 0.476562 0.019531 0.046875
1 0.742188 0.438151 0.017578 0.027344
1 0.781250 0.483073 0.023438 0.044271
1 0.804688 0.509766 0.019531 0.058594
1 0.812988 0.423177 0.016602 0.028646
1 0.830078 0.420573 0.015625 0.031250
1 0.970703 0.483073 0.017578 0.031250
1 0.976562 0.462891 0.015625 0.029948
