1 0.140137 0.774407 0.081055 0.073222
1 0.447754 0.652720 0.036133 0.026499
1 0.746094 0.638424 0.054688 0.062064
0 0.436523 0.499651 0.283203 0.243375
1 0.820801 0.360530 0.059570 0.062762
1 0.921875 0.066597 0.064453 0.062064
1 0.773926 0.023361 0.030273 0.028591
1 0.548828 0.046025 0.025391 0.022315
1 0.425293 0.145049 0.022461 0.020921
1 0.343750 0.130404 0.027344 0.025105
1 0.302246 0.128312 0.020508 0.019526
1 0.282715 0.140167 0.018555 0.018131
1 0.233398 0.124477 0.023438 0.023013
1 0.177734 0.128312 0.021484 0.018131
1 0.125488 0.144003 0.012695 0.016039
1 0.101074 0.123082 0.016602 0.018828
1 0.095215 0.132845 0.026367 0.021618
1 0.043457 0.130753 0.022461 0.018828
1 0.031250 0.142608 0.019531 0.014644
